0 200.1111111111111 1356.888888888889 1061.1111111111113 377.7777777777778 
0 594.5555555555558 1345.7777777777778 1050.0 522.2222222222224 
0 1041.777777777778 1356.888888888889 1027.7777777777778 472.2222222222222 
0 1508.4444444444443 1359.6666666666667 1044.4444444444443 450.0 
0 1972.3333333333335 1376.3333333333335 977.7777777777779 455.55555555555566 
0 2427.8888888888887 1368.0 983.3333333333334 499.99999999999955 
0 2855.0 1370.7777777777778 977.7777777777778 432.0 
0 158.44444444444446 3281.8888888888887 1333.3333333333335 316.66666666666674 
0 247.33333333333337 2993.0 1288.8888888888891 472.2222222222224 
0 625.1111111111112 2968.0 1261.1111111111113 427.7777777777776 
0 977.8888888888889 3218.0 1572.2222222222222 522.2222222222222 
0 1494.5555555555557 3140.2222222222226 1472.2222222222222 477.7777777777774 
0 2016.7777777777778 3131.888888888889 1500.0 511.1111111111113 
0 2444.5555555555557 3115.2222222222226 1477.7777777777778 511.1111111111113 
0 2852.888888888889 3106.888888888889 1450.0 427.7777777777783 
