2 0.8479938271604939 0.6333774250440917 0.08404982363315691 0.17452968841857733
2 0.7990795855379188 0.6223544973544973 0.0661375661375661 0.16718106995884777
2 0.7456374643874644 0.6283068783068783 0.06931725681725687 0.16110432777099448
2 0.6947624135124135 0.631698548365215 0.07186100936100938 0.17806267806267803
2 0.9093915343915343 0.3802910052910053 0.07885632885632882 0.1890856057522724
2 0.8569266381766382 0.37817121150454486 0.08330789580789584 0.20180436847103514
2 0.9030321530321529 0.6223714557047889 0.0763125763125764 0.15940849274182606
2 0.6543803418803418 0.865723782390449 0.06868131868131862 0.16958350291683622
2 0.7062092999592999 0.8580925247591914 0.0680453805453805 0.16449599782933116
2 0.7593101343101343 0.8563966897300231 0.06740944240944248 0.15940849274182597
2 0.8070054945054945 0.8530050196716864 0.07376882376882378 0.16110432777099432
2 0.8572446072446073 0.8614841948175281 0.07885632885632882 0.13566680233346898
2 0.9046219983719984 0.8593644010310677 0.07186100936100938 0.13651471984805313
2 0.9475478225478225 0.8555487722154389 0.07631257631257629 0.13736263736263746
2 0.604141229141229 0.8674196174196174 0.0534188034188035 0.15771265771265763
2 0.5252849002849003 0.8725071225071224 0.039428164428164464 0.15432098765432095
2 0.48426689051689054 0.8742029575362907 0.04515160765160763 0.15092931759598424
2 0.4384793447293447 0.8788665038665039 0.05023911273911273 0.15516890516890527
2 0.39046601546601545 0.8814102564102564 0.048331298331298345 0.15516890516890527
2 0.3421347171347171 0.888617555284222 0.0496031746031746 0.14414597747931085
2 0.2960292022792023 0.8915852665852665 0.048967236467236414 0.14499389499389503
2 0.24769790394790392 0.8932811016144347 0.05787037037037035 0.14499389499389503
2 0.6349842287342287 0.6503527336860669 0.055326617826617776 0.154320987654321
2 0.5787037037037036 0.6376339709673042 0.04833129833129823 0.13057929724596384
2 0.500483312983313 0.6613756613756614 0.045787545787545764 0.14075430742097408
2 0.4543777981277981 0.6630714964048298 0.04769536019536021 0.14075430742097408
2 0.4079543142043142 0.6630714964048298 0.043879731379731376 0.15092931759598416
2 0.35866910866910867 0.6579839913173247 0.05087505087505086 0.15432098765432095
2 0.3106557794057794 0.6592558675892009 0.05405474155474151 0.15347307013973677
2 0.262006512006512 0.6622235788902455 0.05977818477818477 0.154320987654321
2 0.21081349206349206 0.6677350427350427 0.05914224664224664 0.15856057522724187
2 0.15044736448038334 0.6648073275431766 0.07627657981431567 0.1603524009184386
2 0.0956966906259359 0.6669911151043226 0.06317385444743934 0.1622242188279924
2 0.05498465109314166 0.6691749026654686 0.06410976340221623 0.1603524009184386
2 0.13727390180878554 0.40874553955949305 0.073827980804725 0.20533407161314143
2 0.21456256921373199 0.10843484680693984 0.08305647840531565 0.20764119601328904
2 0.14794435215946844 0.10651224314015013 0.09401531930601698 0.21148640334686847
2 0.08046096345514951 0.1065122431401501 0.087093946105574 0.2130244862803002
2 0.08818342151675485 0.40922619047619047 0.0771604938271605 0.20667989417989419
2 0.0451251102292769 0.4110633450911229 0.06820436507936507 0.21035420340975897
2 0.5594135802469136 0.8427946796002352 0.03858024691358027 0.11849647266313938
2 0.28651000330687837 0.1078180114638448 0.06975446428571432 0.21288029100529104
2 0.3446387235449736 0.10885141093474428 0.07130456349206349 0.21494708994709
