2 418.5000000000002 303.0000000000001 585.0 340.0 
2 753.5000000000002 287.75000000000006 575.5000000000001 330.0 
2 1046.0000000000002 290.25000000000006 580.5000000000001 335.0 
2 1431.0000000000002 282.75000000000006 565.5000000000001 345.0 
2 1788.5000000000002 300.5000000000001 590.0 240.0 
2 2073.5 268.0000000000001 515.0 299.9999999999998 
2 2436.0 268.0000000000001 515.0 255.0 
2 2813.5 273.0000000000001 515.0 310.0 
2 638.5000000000002 1665.5 910.0 290.0 
2 976.0000000000002 1670.5 900.0 405.0 
2 1366.0000000000002 1675.5 930.0 395.0 
2 1728.5000000000002 1700.5 860.0 320.0 
2 2106.0 1680.5 970.0 434.9999999999998 
2 2443.5 1673.0 935.0 350.0 
2 2806.0 1680.5 980.0 345.0 
2 301.0000000000002 3043.0 1115.0 485.0 
2 703.5000000000002 3053.0 1085.0 390.0 
2 2011.0 3058.0 1095.0 404.9999999999998 
2 2378.5 3063.0 1085.0 360.0 
2 2758.5 3065.5 1120.0 430.0 
2 3014.75 3143.0 965.0 112.5 
