2 372.36363636363626 3259.363636363636 1081.8181818181815 459.090909090909 
2 754.1818181818182 3227.5454545454545 1054.545454545455 340.909090909091 
2 1156.4545454545455 3186.636363636364 1036.3636363636365 381.81818181818153 
2 1524.6363636363635 3193.454545454545 1013.6363636363635 354.5454545454545 
2 1851.909090909091 3145.727272727273 1045.4545454545455 345.4545454545455 
2 2201.9090909090905 3127.5454545454545 1018.181818181818 345.4545454545448 
2 2547.363636363636 3170.7272727272725 850.0 327.27272727272793 
2 141.86363636363637 1916.1818181818182 877.2727272727275 283.72727272727275 
2 436.0 1918.4545454545455 854.5454545454543 395.4545454545455 
2 788.2727272727273 1904.818181818182 900.0000000000002 354.54545454545496 
2 1145.0909090909092 1911.6363636363635 877.272727272727 340.909090909091 
2 1508.7272727272727 1836.6363636363635 1000.0 377.272727272727 
2 1879.1818181818185 1848.0 986.3636363636363 409.09090909090924 
2 2274.6363636363635 1845.7272727272727 945.4545454545455 354.54545454545496 
2 2624.6363636363635 1836.6363636363637 936.3636363636365 345.45454545454504 
2 304.181818181818 473.0 790.9090909090908 286.3636363636365 
2 78.22727272727263 480.4166666666667 766.9848484848484 156.45454545454527 
2 651.9090909090908 475.27272727272725 786.3636363636363 318.181818181818 
2 1031.4545454545455 495.7272727272727 799.9999999999999 277.2727272727275 
2 1372.3636363636365 507.09090909090907 795.4545454545454 295.4545454545455 
2 1686.0 511.6363636363636 795.4545454545455 313.6363636363635 
2 2024.6363636363635 529.8181818181818 795.4545454545454 254.54545454545473 
2 2604.1818181818176 616.1818181818181 659.090909090909 240.909090909091 
