2 0.1892755681818182 0.3496315696022727 0.08729876893939388 0.16424005681818182
2 0.2713955965909091 0.34907670454545453 0.08581912878787874 0.1609108664772727
2 0.353515625 0.3512961647727273 0.08729876893939388 0.16756924715909088
2 0.44747277462121215 0.3518510298295454 0.0917376893939393 0.16645951704545453
2 0.543649384469697 0.35074129971590906 0.07398200757575764 0.16424005681818182
2 0.6339074337121212 0.35240589488636365 0.08877840909090917 0.17644708806818182
2 0.7189867424242425 0.35462535511363635 0.07842092803030305 0.15203302556818177
2 0.8218217329545455 0.353515625 0.07694128787878791 0.1564719460227273
2 0.9246567234848485 0.3540704900568182 0.06658380681818195 0.15980113636363635
2 0.9838423295454546 0.353515625 0.025153882575757496 0.1564719460227273
2 0.6605409564393939 0.08939985795454546 0.0917376893939393 0.1675692471590909
2 0.7589370265151517 0.09161931818181818 0.09617660984848486 0.16756924715909088
2 0.8284801136363636 0.08437278053977272 0.06954308712121209 0.16874556107954544
2 0.9305752840909092 0.08385120738636363 0.09321732954545443 0.16534978693181815
2 0.2159090909090909 0.6154119318181819 0.09025804924242431 0.19642223011363635
2 0.30690696022727276 0.6170765269886364 0.10653409090909083 0.1930930397727273
2 0.41418087121212116 0.6198508522727273 0.09913589015151514 0.20086115056818177
2 0.5051787405303031 0.6204057173295454 0.09765625 0.18865411931818177
2 0.6050544507575758 0.6276189630681818 0.10505445075757569 0.1808860085227273
2 0.6916133996212123 0.6176313920454546 0.08877840909090902 0.18088600852272718
2 0.8136837121212123 0.6276189630681819 0.11393229166666681 0.19642223011363635
2 0.9224372632575758 0.6265092329545454 0.1094933712121211 0.19198330965909094
2 0.3934659090909091 0.8995028409090909 0.09913589015151514 0.1808860085227273
2 0.5854492187499999 0.9015241350446429 0.07672991071428574 0.1900809151785714
2 0.6691545758928571 0.9010881696428572 0.08603050595238093 0.1874651227678571
2 0.7662295386904762 0.9015241350446428 0.08486793154761892 0.1935686383928571
2 0.8644670758928571 0.8971644810267858 0.08835565476190481 0.1918247767857143
2 0.9551478794642856 0.9058837890625 0.07672991071428574 0.1865931919642857
