2 220.09090909090924 475.27272727272725 850.0 290.909090909091 
2 506.4545454545455 448.0 886.3636363636363 290.909090909091 
2 758.7272727272727 434.3636363636364 859.090909090909 304.5454545454545 
2 1165.5454545454545 434.3636363636363 868.1818181818181 400.0 
2 327.66666666666663 1651.3333333333333 663.3333333333335 246.66666666666674 
2 53.83333333333326 1680.2575757575758 565.4848484848485 107.66666666666652 
2 582.6666666666666 1626.3333333333333 653.3333333333335 243.33333333333326 
2 884.3333333333333 1613.0 700.0 246.66666666666652 
2 1162.6666666666665 1611.3333333333333 690.0 223.33333333333326 
2 1407.6666666666665 1608.0 676.6666666666667 246.66666666666674 
2 1679.3333333333333 1603.0 686.6666666666667 243.33333333333348 
2 1921.0 1618.0 650.0 233.33333333333303 
2 2177.666666666667 1609.6666666666665 640.0 253.33333333333348 
2 2477.8918918918916 1729.0810810810808 464.8648648648648 205.40540540540542 
2 2694.1081081081084 1707.4594594594594 443.24324324324334 216.21621621621625 
2 107.4230769230769 2792.518315018315 822.5018315018315 214.8461538461538 
2 699.4615384615386 2786.4615384615386 811.5384615384619 307.6923076923076 
2 259.0769230769231 2753.769230769231 792.3076923076924 219.23076923076906 
2 491.76923076923083 2732.6153846153848 757.6923076923076 230.76923076923072 
2 1078.3076923076924 2771.076923076923 826.9230769230767 342.30769230769215 
2 1387.923076923077 2771.076923076923 826.9230769230767 300.0 
2 1651.3846153846152 2732.6153846153848 834.6153846153848 211.53846153846143 
2 1876.3846153846155 2744.153846153846 857.6923076923076 215.38461538461524 
2 2616.7692307692305 2767.2307692307695 765.3846153846152 265.38461538461524 
