0 1086.0 668.6666666666666 663.3333333333333 263.3333333333336 
0 1276.0 678.6666666666666 623.3333333333333 250.0 
0 1534.3333333333335 686.9999999999999 633.3333333333333 266.66666666666674 
0 1791.0 658.6666666666666 643.3333333333333 273.3333333333335 
0 2059.333333333333 690.3333333333333 626.6666666666665 269.9999999999998 
0 2327.6666666666665 670.3333333333333 606.6666666666665 293.33333333333303 
0 2599.333333333333 683.6666666666665 620.0 256.6666666666665 
0 2849.333333333333 680.3333333333333 613.3333333333333 290.0 
0 2977.6666666666665 1410.3333333333333 400.0 293.33333333333303 
0 3194.333333333333 1425.3333333333333 416.6666666666665 293.3333333333335 
0 3011.0 2028.6666666666665 470.0 320.0 
0 3259.333333333333 2025.3333333333333 456.6666666666665 316.6666666666665 
0 2731.0 1455.3333333333333 430.0 300.0 
0 2522.6666666666665 1402.0 336.66666666666674 170.0 
0 2356.0 1427.0 386.66666666666674 203.33333333333348 
0 2114.3333333333335 1460.3333333333333 440.0 253.33333333333326 
0 1846.0 1465.3333333333333 436.6666666666665 263.3333333333335 
0 1587.6666666666665 1475.3333333333333 456.6666666666665 306.66666666666674 
0 1316.0 1480.3333333333333 420.0 196.66666666666652 
0 1094.3333333333333 1512.0 430.0 220.0000000000001 
0 1727.6666666666667 2088.6666666666665 470.0 226.66666666666697 
0 1944.3333333333335 2083.666666666667 473.3333333333335 193.33333333333348 
0 2151.0 2073.6666666666665 446.66666666666674 213.33333333333326 
1 1281.0 2107.0 460.0 233.33333333333348 
1 1066.0 2028.6666666666665 336.66666666666674 210.0000000000001 
1 847.6666666666665 2150.3333333333335 460.0000000000002 246.66666666666674 
1 641.0 2144.8125 465.625 303.125 
1 447.25 2160.4375 440.625 334.375 
1 228.5 2151.0625 503.125 390.625 
1 398.14814814814815 1452.7407407407406 579.6296296296296 400.0 
1 229.72695951765718 1435.317398794143 540.4022394487511 255.36089577950042 
1 641.5813953488372 1430.2325581395348 525.5813953488371 334.8837209302325 
1 870.6511627906976 1446.5116279069766 581.3953488372092 300.0 
1 274.8235294117648 519.1176470588235 832.3529411764705 449.99999999999994 
0 3754.235294117647 685.2941176470588 529.4117647058822 291.17647058823513 
0 3079.235294117647 704.4117647058823 608.8235294117646 352.9411764705883 
0 3308.6470588235293 689.7058823529411 614.7058823529412 335.29411764705856 
