1 0.04819775132275129 0.2249779541446208 0.0925925925925926 0.22266313932980597
1 0.061838624338624304 0.4818121693121693 0.07853835978835978 0.17857142857142858
1 0.1171996576408341 0.4905202821869488 0.0778089013383131 0.1718279904554414
1 0.16874805477746654 0.49765276480962756 0.07197323373793964 0.16793754538852576
1 0.22394374416433238 0.49732856105405127 0.06467864923747275 0.15821143272123658
1 0.2701427793339558 0.5034884324100011 0.05008948023653907 0.16275028529930485
1 0.3178007314036726 0.5193744164332399 0.05397992530345474 0.16858595289967837
1 0.36472922502334265 0.522616453989003 0.0496031746031746 0.17117958294428887
1 0.41481870525988174 0.5313699553895632 0.0496031746031746 0.17053117543313623
1 0.16874805477746654 0.23666874157070236 0.07294584500466851 0.21397447868036104
1 0.22248482726423902 0.2463948542379915 0.06662387177093057 0.21786492374727667
1 0.3382255680049797 0.25287892934951756 0.058842981637099286 0.22564581388110797
1 0.12668261749144102 0.7080610021786492 0.06662387177093061 0.14913372756510004
1 0.1896591970121382 0.7174629110903621 0.056411453470276984 0.15885984023238936
1 0.23804660753190163 0.725892208735346 0.06273342670401492 0.1510789500985579
1 0.2861908652349829 0.7388603589583982 0.05008948023653907 0.14718850503164232
1 0.3326330532212885 0.7453444340699243 0.053493619670090274 0.15107895009855798
1 0.37494164332399627 0.7476138603589585 0.038904450669156584 0.1348687623197426
1 0.43062363834422657 0.724919597468617 0.03841814503579212 0.10374520178441748
1 0.4709870059134765 0.763175640626621 0.04717164643635227 0.16339869281045763
0 0.49507783882783885 0.3205128205128205 0.05278286528286531 0.17297517297517298
0 0.5389575702075702 0.3268722018722019 0.05914224664224667 0.18908560575227243
0 0.5977818477818477 0.33280762447429113 0.058506308506308426 0.1806064306064306
0 0.6534264346764347 0.34171075837742504 0.0680453805453805 0.1797585130918464
0 0.7128866503866503 0.34679826346493015 0.07504070004070003 0.17636684303350966
0 0.7796601546601547 0.3523097273097273 0.07504070004070003 0.18399810066476735
0 0.836894586894587 0.359940984940985 0.08267195767195772 0.19078144078144077
0 0.889359483109483 0.36969203635870296 0.06295787545787544 0.18145434812101474
0 0.500483312983313 0.05808234974901642 0.07885632885632882 0.11446886446886448
0 0.4670965608465608 0.5541140957807624 0.051510989010988995 0.11616469949803283
0 0.5116122303622304 0.5630172296838963 0.05278286528286526 0.12888346221679559
0 0.5650310337810337 0.5672568172568172 0.0642297517297517 0.13057929724596393
0 0.6337123524623525 0.5795516212182878 0.06295787545787544 0.14668973002306337
0 0.697306166056166 0.5842151675485008 0.07313288563288564 0.13566680233346903
0 0.7456374643874644 0.5905745489078822 0.06931725681725687 0.11955636955636952
0 0.7920609483109482 0.5871828788495456 0.06550162800162797 0.11786053452720117
0 0.8445258445258446 0.6096526929860263 0.08267195767195759 0.14584181250847914
0 0.9007609454038026 0.6060914394247727 0.0692264085121227 0.12752679419346094
0 0.9523993239271018 0.3769106407995297 0.09002057613168715 0.18371546149323922
0 0.9579107877718989 0.6157407407407407 0.08267195767195759 0.14452282970801478
0 0.5725258537758537 0.7750721500721501 0.06012506012506003 0.15933140933140924
0 0.6273899711399712 0.781084656084656 0.06463443963443961 0.15532307198973874
0 0.6732353294853295 0.784591951258618 0.06012506012506003 0.14830848164181498
0 0.7288510101010102 0.7956148789482123 0.08868446368446367 0.14630431297097965
0 0.8938191438191438 0.8186628186628186 0.09845478595478596 0.16033349366682706
0 0.9546957671957671 0.8246753246753248 0.08492664742664745 0.14430014430014435
