0 574.5714285714286 1905.1428571428569 399.9999999999998 171.42857142857133 
0 744.5714285714286 1909.4285714285713 385.7142857142858 197.1428571428571 
0 937.4285714285713 1902.2857142857142 382.8571428571429 205.71428571428578 
0 1110.2857142857142 1919.4285714285716 377.1428571428571 191.42857142857156 
0 1266.0 1919.4285714285716 377.1428571428571 200.0 
0 1441.7142857142856 1915.1428571428569 391.42857142857133 180.0 
0 1188.8571428571427 2993.7142857142853 417.14285714285734 148.57142857142867 
0 1036.0 3006.5714285714284 431.42857142857156 197.1428571428571 
0 850.2857142857142 2993.7142857142853 439.99999999999955 185.71428571428578 
0 708.8571428571429 2993.7142857142853 439.99999999999955 171.42857142857156 
0 508.8571428571429 2976.5714285714284 428.57142857142844 200.0 
0 340.28571428571433 2986.5714285714284 420.0 217.1428571428571 
0 441.7142857142858 1863.7142857142858 288.57142857142867 117.14285714285711 
0 156.00000000000006 2450.857142857143 325.7142857142858 174.28571428571433 
0 307.42857142857144 2448.0 342.85714285714266 197.1428571428571 
0 478.85714285714283 2458.0 334.2857142857142 208.57142857142856 
0 644.5714285714287 2459.4285714285716 331.4285714285711 180.0000000000001 
0 786.0 2468.0 320.0 194.28571428571422 
1 1657.212121212121 1935.8787878787875 387.87878787878776 203.03030303030323 
1 1819.3333333333333 1938.1960784313726 382.3529411764707 172.5490196078431 
1 1986.9803921568628 1927.4117647058824 415.6862745098042 170.5882352941178 
1 2159.5294117647063 1928.3921568627452 405.8823529411766 186.27450980392177 
1 2322.6470588235293 1930.2941176470588 401.7647058823527 182.9411764705883 
1 2485.8823529411766 1928.5294117647059 407.6470588235295 195.29411764705856 
1 2659.375 1927.34375 401.5625 215.625 
1 2829.979166666667 1937.3680555555557 381.5138888888887 203.70833333333348 
1 2981.833333333334 1945.2222222222222 391.66666666666674 166.66666666666652 
1 1708.9166666666667 3015.9722222222226 440.2777777777778 165.27777777777783 
1 1872.8055555555557 3018.75 423.6111111111113 151.3888888888887 
1 2051.2777777777783 3018.75 426.3888888888887 163.88888888888914 
1 2208.916666666667 3028.472222222222 418.05555555555566 184.72222222222217 
1 2382.5277777777783 3023.6111111111113 455.55555555555566 215.27777777777783 
1 2588.7777777777783 3022.916666666667 418.0555555555552 225.0 
1 2769.3333333333335 3039.6666666666665 408.33333333333303 225.0 
1 2936.0000000000005 3034.111111111111 419.44444444444434 213.8888888888887 
1 3016.0 2509.6666666666665 300.0 110.0 
1 2914.333333333333 2488.0 323.33333333333303 213.33333333333348 
1 2733.695652173913 2492.391304347826 323.913043478261 223.913043478261 
1 2586.95652173913 2493.478260869565 330.4347826086955 169.5652173913045 
1 2423.913043478261 2485.869565217391 323.91304347826053 134.78260869565247 
1 2083.116883116883 2464.2337662337663 370.12987012987014 184.4155844155846 
1 1925.3246753246754 2464.883116883117 381.818181818182 177.92207792207796 
1 1757.142857142857 2460.3376623376626 359.7402597402597 181.81818181818198 
1 1590.2597402597403 2453.194805194805 368.8311688311687 159.74025974025972 
