2 0.17865732151446437 0.6777983920841063 0.0420875420875421 0.06538600288600285
2 0.2162354840926269 0.680053081838796 0.03994021851164707 0.06731859410430831
2 0.2533841819556105 0.6819856730571014 0.04638218923933211 0.06538600288600285
2 0.29074761217618356 0.686334003298289 0.03263931835360406 0.06184291898577612
2 0.3248900570329142 0.6922928262213975 0.03564557135985705 0.061520820449391944
2 0.36203875489589776 0.6945475159760873 0.03779289493575206 0.06023242630385483
2 0.16802616108171659 0.7780533509700177 0.045928865373309806 0.0647597001763669
2 0.20403439153439154 0.7838403880070547 0.03858024691358024 0.06090167548500873
2 0.2405937683715461 0.7871472663139331 0.038947677836566705 0.06475970017636679
2 0.2764182833627278 0.7878361992945326 0.040049970605526154 0.07109788359788356
2 0.3153659611992945 0.7914186507936508 0.037110523221634356 0.06999559082892415
2 0.34972075249853024 0.7963789682539683 0.03086419753086421 0.07164902998236337
2 0.38168724279835387 0.7983079805996474 0.025720164609053516 0.0738536155202822
2 0.4255952380952381 0.7867339065255733 0.023883009994121088 0.050705467372134015
2 0.4568268665490887 0.8046461640211641 0.0327013521457966 0.07109788359788367
2 0.518996178718401 0.6994392085537919 0.050521751910640816 0.07130456349206349
2 0.5621693121693122 0.7056396053791887 0.0496031746031746 0.07337136243386247
2 0.608098177542622 0.7020227072310405 0.050521751910640816 0.07027116402116394
2 0.6565531305114639 0.7113233024691358 0.052818195179306276 0.07578262786596122
2 0.699266975308642 0.7154569003527338 0.062003968253968256 0.07853835978835975
2 0.47306731334509117 0.7028838734567902 0.03215020576131686 0.06992669753086417
2 0.434946355085244 0.6891052138447973 0.036743092298647924 0.052014440035273356
2 0.49628819781881006 0.8069829122125041 0.042517006802721045 0.07744169096209912
2 0.5418421336788684 0.8102729186912861 0.04184213367886833 0.07997246517654678
2 0.5867211964150739 0.8171060090702947 0.0519652305366591 0.08554016844833177
2 0.6356494978943958 0.8209021703919664 0.05129035741280639 0.07592322643343051
2 0.6812034337544544 0.8297598801425332 0.057364215527480875 0.07339245221898284
2 0.7257450599287334 0.8345683511499837 0.0533149767843646 0.07491091674765143
2 0.7712989957887917 0.8408952866861031 0.055339596155922585 0.07541707159054098
2 0.8161780585249975 0.8424137512147717 0.06276320051830257 0.07744169096209912
2 0.8613945578231293 0.8444383705863299 0.07626066299535683 0.08554016844833177
2 0.907285930245114 0.8467160673793328 0.0560144692797753 0.083009394233884
