2 1300.4262295081967 914.4590163934424 452.45901639344254 175.4098360655737 
2 1442.2295081967213 921.8360655737704 447.54098360655735 177.04918032786895 
2 1602.0655737704917 924.295081967213 439.344262295082 185.24590163934408 
2 1753.7049180327867 911.9999999999998 457.37704918032784 134.42622950819668 
2 1888.950819672131 914.4590163934424 475.4098360655738 142.62295081967204 
2 1573.6384989706157 1479.0816020962006 339.2726932434964 106.5178738536406 
2 1472.9343065693429 1478.4233576642334 339.4160583941607 109.48905109489056 
2 1363.0802919708028 1476.5985401459852 367.88321167883214 137.95620437956222 
2 1249.9416058394158 1467.4744525547444 356.9343065693431 133.57664233576656 
2 1155.7810218978102 1468.5693430656934 356.20437956204364 132.11678832116786 
2 1059.5744680851062 1468.9148936170213 363.82978723404267 170.2127659574469 
2 950.0 1460.936170212766 369.1489361702129 155.31914893617022 
2 834.0425531914893 1466.7872340425533 372.3404255319149 197.8723404255319 
2 958.9458413926498 1926.2088974854933 293.3268858800775 140.61895551257237 
2 1050.5681818181818 1923.2954545454545 289.772727272727 103.40909090909088 
2 1127.840909090909 1921.0227272727275 289.77272727272725 105.68181818181824 
2 1219.318181818182 1924.4318181818182 273.8636363636365 106.81818181818176 
2 1496.590909090909 1930.681818181818 281.81818181818176 111.36363636363626 
2 1604.5454545454545 1927.8409090909092 273.8636363636365 95.4545454545455 
2 1732.0224719101122 1932.0224719101122 264.0449438202245 100.0 
2 1847.191011235955 1930.8988764044943 270.78651685393265 92.13483146067415 
2 1957.894736842105 1939.4736842105262 256.140350877193 121.05263157894728 
2 2071.4912280701756 1949.561403508772 251.75438596491244 111.40350877192986 
2 2178.5087719298244 1953.9473684210525 258.7719298245613 118.42105263157873 
2 1548.3695652173913 2360.869565217391 265.21739130434753 120.6521739130435 
2 1675.78125 2358.59375 267.1875 132.8125 
2 1776.5625 2348.4375 259.375 118.75 
2 1910.15625 2346.09375 279.6875 142.1875 
2 2014.0625 2342.1875 275.0 125.0 
2 2125.1445086705203 2338.878612716763 273.4104046242778 94.21965317919057 
2 2221.676300578035 2339.1676300578033 273.9884393063585 102.31213872832404 
2 2369.318181818182 1894.318181818182 211.36363636363626 113.63636363636351 
2 2515.340909090909 1922.7272727272727 277.2727272727275 112.5 
2 2641.477272727273 1911.3636363636363 313.6363636363635 167.0454545454545 
2 2778.977272727273 1905.1136363636365 314.77272727272725 185.22727272727252 
2 2905.681818181818 1892.0454545454545 261.3636363636365 150.0 
2 3026.136363636364 1914.772727272727 315.90909090909076 204.5454545454545 
2 3169.2258064516127 1894.6236559139784 292.4731182795699 175.26881720430129 
2 2312.6168224299063 2277.8878504672894 242.05607476635532 83.17757009345814 
2 2418.6915887850464 2326.9532710280373 261.68224299065423 102.80373831775705 
2 2540.6542056074763 2332.0934579439254 285.0467289719627 156.07476635514013 
2 2663.551401869159 2324.1495327102803 314.01869158878526 147.66355140186897 
2 2783.6448598130837 2322.2803738317757 300.93457943925205 174.766355140187 
2 2920.5607476635514 2328.8224299065423 299.0654205607475 201.86915887850455 
2 3737.1794871794873 2319.230769230769 284.61538461538476 228.2051282051284 
2 3634.6153846153848 2308.974358974359 279.4871794871797 228.2051282051284 
2 3516.6666666666665 2314.102564102564 269.2307692307695 233.33333333333303 
2 3392.3076923076924 2334.6153846153848 248.71794871794873 205.12820512820508 
2 3282.051282051282 2342.3076923076924 243.58974358974365 179.48717948717922 
2 3185.8974358974356 2342.3076923076924 258.9743589743589 182.05128205128176 
2 3058.974358974359 2341.0256410256407 246.1538461538462 189.74358974358984 
