0 292.2222222222223 1195.7777777777778 1161.1111111111113 522.2222222222224 
0 783.8888888888889 1254.111111111111 1077.7777777777778 516.6666666666665 
0 1261.6666666666667 1298.5555555555557 1000.0000000000001 472.2222222222222 
0 1664.4444444444446 1356.888888888889 961.1111111111112 433.3333333333335 
0 2017.2222222222224 1409.6666666666667 866.6666666666665 427.7777777777778 
0 2356.1111111111113 1434.6666666666665 838.8888888888889 405.5555555555552 
0 2656.1111111111113 1470.7777777777778 777.7777777777778 372.2222222222226 
0 2914.4444444444443 1498.5555555555557 755.5555555555557 311.1111111111113 
0 1081.1111111111113 3068.0 1494.4444444444443 500.0 
0 542.2222222222224 2929.1111111111113 1305.5555555555557 477.7777777777778 
0 1542.2222222222224 3026.3333333333335 1411.1111111111113 511.11111111111086 
0 1967.2222222222224 2937.4444444444443 1288.8888888888891 483.3333333333335 
0 2272.7777777777783 2870.777777777778 1266.666666666667 450.00000000000045 
0 2583.888888888889 2848.5555555555557 1166.666666666667 494.44444444444434 
0 2861.666666666667 2820.777777777778 1111.1111111111113 416.66666666666606 
0 167.22222222222229 3223.5555555555557 1605.5555555555557 305.55555555555543 
