1 2290.5454545454545 622.7272727272727 609.090909090909 240.909090909091 
1 2063.2727272727275 639.7727272727273 565.909090909091 245.45454545454527 
1 1867.818181818182 667.0454545454545 565.909090909091 272.72727272727275 
1 1622.3636363636365 660.2272727272727 556.8181818181818 204.5454545454545 
1 1449.6363636363637 700.0 490.90909090909093 209.090909090909 
1 2398.5 1529.5454545454545 645.4545454545455 256.818181818182 
1 2182.590909090909 1515.909090909091 609.0909090909092 252.27272727272702 
1 1932.5909090909092 1498.8636363636365 593.1818181818182 211.3636363636365 
1 1750.7727272727275 1485.2272727272727 556.818181818182 170.45454545454527 
1 1570.0909090909092 1444.318181818182 547.7272727272727 186.3636363636365 
1 1405.318181818182 1437.5 529.5454545454545 161.36363636363626 
1 1255.318181818182 1432.9545454545455 525.0 165.909090909091 
1 1103.0454545454545 1413.6363636363635 486.36363636363626 147.72727272727275 
1 975.7727272727273 1403.409090909091 475.0 165.90909090909088 
1 2475.772727272727 2385.227272727273 597.7272727272725 247.72727272727252 
1 2239.409090909091 2325.0 572.7272727272727 238.6363636363635 
1 2020.090909090909 2262.5 543.181818181818 240.90909090909076 
1 1800.7727272727275 2223.8636363636365 552.2727272727273 247.72727272727275 
1 1629.1818181818182 2170.4545454545455 504.5454545454543 186.3636363636365 
1 1465.5454545454545 2139.772727272727 515.9090909090908 159.09090909090924 
1 1311.0 2107.9545454545455 461.36363636363626 150.0 
1 1174.6363636363637 2078.409090909091 461.36363636363626 136.3636363636365 
1 1032.5909090909092 2042.0454545454545 461.36363636363626 161.3636363636365 
1 882.5909090909092 2019.3181818181818 447.7272727272725 147.72727272727275 
1 747.3636363636365 1986.3636363636363 454.5454545454545 186.36363636363637 
1 630.318181818182 1947.7272727272727 413.6363636363635 138.63636363636363 
1 2276.909090909091 3177.272727272727 618.1818181818185 236.3636363636365 
1 2079.181818181818 3090.909090909091 604.5454545454545 240.90909090909076 
1 1878.0454545454545 3012.5 588.636363636364 215.90909090909076 
1 1697.3636363636365 2972.727272727273 586.3636363636365 222.72727272727275 
1 1497.3636363636365 2885.227272727273 534.0909090909095 177.27272727272725 
1 1324.6363636363637 2810.227272727273 561.3636363636365 218.18181818181802 
1 1147.3636363636365 2744.318181818182 515.909090909091 172.72727272727275 
1 1009.8636363636365 2698.863636363636 520.4545454545455 156.81818181818187 
1 868.9545454545455 2638.636363636364 463.6363636363635 184.09090909090912 
1 745.0909090909092 2603.409090909091 484.090909090909 145.45454545454538 
0 413.2727272727273 2461.3636363636365 440.909090909091 150.0 
0 281.4545454545455 2417.045454545455 429.5454545454545 136.36363636363635 
0 199.6363636363637 2396.590909090909 429.5454545454545 104.54545454545456 
0 99.63636363636371 2364.772727272727 429.5454545454545 136.36363636363637 
0 84.48484848484844 1316.181818181818 378.78787878787875 130.30303030303025 
0 360.2424242424242 1366.181818181818 375.75757575757575 142.4242424242425 
0 499.6363636363635 1388.9090909090908 409.090909090909 142.42424242424244 
0 578.4242424242423 1394.969696969697 396.96969696969677 160.60606060606045 
0 696.6060606060605 1422.242424242424 372.72727272727275 203.030303030303 
