0 0.029854910714285737 0.3410993303571428 0.05789620535714285 0.12137276785714285
0 0.058570498511904774 0.345458984375 0.056268601190476185 0.12381417410714285
0 0.09588913690476192 0.3479875837053571 0.06254650297619047 0.12956891741071425
0 0.12692987351190477 0.3506033761160714 0.049293154761904746 0.1334054129464286
0 0.1642485119047619 0.3559221540178571 0.056966145833333315 0.13706752232142855
0 0.2043573288690476 0.3592354910714285 0.0562686011904762 0.13950892857142855
1 0.34400783828382836 0.37357866646039606 0.06542646452145218 0.1568784808168317
1 0.39831502681518155 0.37805054919554454 0.06252578382838281 0.1648553527227723
1 0.4569732363861387 0.3872360380569307 0.07283931518151816 0.1745242883663366
1 0.5262672751650166 0.3929165377475248 0.07412850660066006 0.1825011602722772
1 0.5987842924917492 0.3960589418316831 0.0779960808580858 0.19071975556930693
1 0.6894350405092592 0.4065619574652778 0.10036892361111116 0.20616319444444442
1 0.7803096064814815 0.4167344835069445 0.10850694444444449 0.2190483940972222
1 0.879096137152778 0.42572021484375 0.12342664930555551 0.23023817274305558
1 0.955930897887324 0.10401766065140845 0.08619424882629101 0.20459672095070422
1 0.867444248826291 0.10711240096830987 0.1201217723004695 0.21078620158450706
1 0.7764359595070424 0.10780012103873239 0.10224105046948366 0.21284936179577466
1 0.6856569102112676 0.11398960167253522 0.084818808685446 0.20115812059859156
1 0.6049644219483569 0.1210387323943662 0.078400088028169 0.19118617957746478
1 0.5359631748826291 0.1275720730633803 0.07152288732394367 0.18087037852112678
1 0.4667326877934273 0.13616857394366197 0.06968896713615025 0.16711597711267606
1 0.4096519219483568 0.1408106844190141 0.06647960680751168 0.16195807658450706
1 0.3516541960093897 0.14717209507042253 0.06510416666666663 0.1561124559859155
1 0.2996167106807512 0.1509545554577465 0.05822696596244129 0.1485475352112676
0 0.01903989779874214 0.18641748968160377 0.03807979559748428 0.0845279333726415
0 0.043453960298742135 0.18492040094339623 0.04330041273584906 0.08706146816037735
0 0.07431702044025157 0.18526588295990568 0.04299331761006289 0.08821307488207547
0 0.1077903891509434 0.1825020268278302 0.04667845911949686 0.09420142983490565
