1 568.8767123287671 704.1095890410959 723.2876712328766 269.86301369863014 
1 838.054794520548 704.1095890410959 736.9863013698631 271.2328767123288 
1 1114.7671232876714 695.2054794520549 746.5753424657535 273.9726027397262 
1 1382.5753424657535 692.4657534246576 735.6164383561645 250.68493150684935 
1 1655.8630136986303 673.972602739726 750.6849315068494 265.7534246575342 
1 1913.3972602739727 672.6027397260275 750.6849315068494 260.27397260273983 
1 2193.5342465753424 667.1232876712329 767.1232876712329 291.78082191780777 
1 2464.767123287671 658.2191780821918 773.972602739726 343.8356164383563 
1 2758.6027397260273 644.5205479452054 793.1506849315068 301.3698630136987 
1 2644.219178082192 1863.0136986301368 868.4931506849314 330.1369863013697 
1 2331.890410958904 1861.6438356164385 876.7123287671232 316.43835616438355 
1 1981.890410958904 1856.164383561644 863.0136986301372 290.4109589041095 
1 1655.8630136986303 1872.6027397260273 838.3561643835617 282.19178082191775 
1 1372.3013698630139 1867.8082191780823 839.7260273972604 273.97260273972597 
1 1077.7808219178082 1863.0136986301372 830.1369863013699 282.1917808219181 
1 796.958904109589 1863.0136986301372 830.1369863013699 298.6301369863014 
1 2908.4745762711864 1866.6440677966102 886.4406779661015 318.64406779660976 
