1 0.2692369434931507 0.061202375856164386 0.10612871004566211 0.12173587328767123
1 0.3501712328767123 0.05919574058219178 0.09676441210045665 0.1170537243150685
1 0.4362335901826484 0.05869408176369863 0.08427868150684932 0.1160504066780822
1 0.5131546090182648 0.05752354452054795 0.07402254566210043 0.11237157534246575
1 0.593420019977169 0.0570218857020548 0.08294092465753426 0.112037136130137
1 0.6676655251141552 0.05685466609589041 0.08249500570776254 0.11237157534246577
1 0.7485998144977168 0.05568412885273973 0.0900756278538813 0.10869274400684932
1 0.8230682791095889 0.05585134845890411 0.09899400684931499 0.11036494006849316
1 0.8982056221461187 0.05334305436643836 0.08873787100456632 0.10401059503424658
1 0.9062321632420091 0.23945847602739728 0.07357662671232863 0.13845783390410962
1 0.8538366866438357 0.2402945740582192 0.08472460045662104 0.13745451626712327
1 0.7827126141552512 0.2402945740582192 0.09141338470319645 0.13544788099315067
1 0.7176084474885845 0.241966770119863 0.07892765410958906 0.1381233946917808
1 0.6447006992009133 0.24280286815068491 0.07402254566210043 0.13845783390410957
1 0.579150613584475 0.244140625 0.07134703196347036 0.136451198630137
1 0.5080265410958904 0.2461472602739726 0.06822559931506844 0.13778895547945202
1 0.43868614440639275 0.24664891909246575 0.07669805936073056 0.13477900256849312
1 0.37090646404109595 0.24698335830479454 0.08115724885844755 0.1334412457191781
1 0.3040186215753425 0.2491572131849315 0.08561643835616439 0.1344445633561644
1 0.3836151541095891 0.4242361408390411 0.07714397831050228 0.12474582619863017
1 0.4476045234018265 0.4252394584760274 0.06688784246575337 0.12474582619863017
1 0.510033176369863 0.4230656035958904 0.06599600456621009 0.1250802654109589
1 0.5751373430365297 0.4222295055650685 0.062428652968036534 0.1260835830479452
1 0.639349671803653 0.4190523330479452 0.07669805936073049 0.1270869006849315
1 0.7171625285388128 0.4213934075342466 0.0833868436073059 0.126418022260274
1 0.7862285539215685 0.42043887867647056 0.08195465686274502 0.12637867647058826
1 0.8452052696078433 0.4195772058823529 0.09650735294117647 0.12695312500000006
1 0.9116498161764707 0.4174230238970588 0.09459252450980389 0.1324103860294118
0 0.18330978501773054 0.4295836103723404 0.08830618351063828 0.13038148271276595
0 0.12478529476950358 0.4289343001994681 0.09938774379432624 0.1270050698138298
0 0.05968112810283693 0.42737595578457444 0.11393229166666667 0.12596617353723405
0 0.09758890086206895 0.06012594288793103 0.11673850574712645 0.11870285560344827
0 0.18027867576628354 0.06012594288793103 0.11299688697318007 0.11701912715517242
