0 792.2222222222224 876.3333333333334 644.4444444444446 211.11111111111086 
0 945.0000000000002 862.4444444444445 716.6666666666667 216.66666666666652 
0 1156.1111111111113 854.1111111111112 788.8888888888889 238.8888888888887 
0 1389.4444444444446 845.7777777777778 816.6666666666666 305.5555555555552 
0 1672.7777777777778 851.3333333333333 927.7777777777777 338.8888888888887 
0 2020.0 806.8888888888889 1083.3333333333335 455.55555555555566 
0 2445.0 787.4444444444445 1188.888888888889 561.1111111111109 
0 2851.0555555555557 745.0555555555555 1381.888888888889 439.8888888888887 
0 2678.333333333333 3054.1111111111113 1844.4444444444443 772.2222222222222 
0 2197.777777777778 2812.444444444445 1650.0000000000002 633.333333333333 
0 1817.2222222222224 2587.4444444444443 1477.7777777777778 472.2222222222222 
0 1500.5555555555557 2445.777777777778 1350.0 394.44444444444434 
0 1195.0000000000002 2309.666666666667 1233.3333333333335 327.7777777777778 
0 986.6666666666667 2212.4444444444443 1105.5555555555554 311.11111111111086 
