1 2609.161764705882 519.6911764705883 455.88235294117646 190.44117647058783 
1 2797.3970588235293 510.5000000000001 462.5 194.85294117647027 
1 2579.014705882353 1232.5588235294117 333.0882352941178 166.91176470588243 
1 2756.5882352941176 1224.4705882352941 327.2058823529412 161.76470588235316 
1 2931.2205882352937 1218.5882352941176 328.67647058823536 168.38235294117612 
1 2847.764705882353 2382.558823529412 434.5588235294117 170.58823529411757 
1 2678.6470588235293 2386.970588235294 430.1470588235288 175.0 
1 2509.529411764706 2391.75 430.8823529411766 166.17647058823513 
1 2345.926470588235 2395.794117647059 428.67647058823513 166.91176470588198 
1 2170.926470588235 2401.6764705882356 434.5588235294117 161.02941176470586 
1 2008.7941176470586 2401.676470588235 430.14705882352973 161.76470588235293 
1 1837.4705882352941 2418.588235294118 406.6176470588234 176.47058823529392 
1 1656.955882352941 2424.8382352941176 405.88235294117567 186.02941176470586 
0 1458.4264705882351 2424.470588235294 411.0294117647054 172.79411764705878 
0 1281.5882352941176 2427.0441176470586 405.8823529411766 176.47058823529414 
0 1099.9705882352941 2433.2941176470586 394.85294117647027 172.05882352941182 
0 934.1617647058823 2434.7647058823527 397.79411764705856 177.20588235294122 
0 763.9411764705882 2433.6617647058824 404.411764705882 197.0588235294117 
0 774.2352941176471 3055.7205882352937 388.23529411764684 170.58823529411768 
1 1630.1176470588234 3018.955882352941 447.0588235294117 180.88235294117658 
1 1800.3382352941176 3013.8088235294117 442.64705882352973 174.26470588235293 
1 1975.3382352941176 3013.441176470588 440.4411764705883 178.67647058823513 
1 2148.1323529411766 3009.3970588235297 444.1176470588234 165.44117647058783 
1 2324.6029411764703 3005.3529411764707 440.4411764705883 169.85294117647072 
1 2498.5 3002.779411764706 445.588235294118 170.58823529411757 
1 2676.0735294117644 3000.205882352941 455.1470588235288 178.67647058823513 
1 2852.911764705882 2999.470588235294 452.20588235294144 182.35294117647072 
1 2794.088235294117 3702.0441176470586 595.5882352941171 204.41176470588243 
1 2560.2647058823527 3698.3676470588234 602.9411764705874 191.17647058823513 
1 2356.5882352941176 3702.779411764706 585.2941176470586 186.76470588235316 
1 2161.771456123433 3702.4590163934427 595.0819672131147 192.719382835101 
1 1975.8305084745762 3705.5084745762715 580.508474576271 183.8983050847453 
1 1780.0677966101696 3703.813559322034 577.1186440677966 180.50847457627106 
0 1202.5254237288136 3706.35593220339 578.8135593220336 189.83050847457616 
0 1012.6949152542375 3709.7457627118647 570.3389830508477 191.52542372881362 
0 815.6610169491526 3708.898305084746 592.3728813559319 183.89830508474586 
0 637.2711864406781 3713.5593220338988 581.3559322033902 208.4745762711865 
0 440.6610169491526 3714.830508474576 580.508474576271 215.25423728813564 
0 258.8813559322034 3714.406779661017 581.3559322033898 243.2203389830509 
0 111.84745762711867 3054.661016949153 402.54237288135573 198.3050847457627 
0 274.98305084745766 3053.389830508475 398.305084745763 185.5932203389831 
0 436.42372881355936 3052.966101694916 409.3220338983051 176.27118644067804 
0 611.4237288135594 3054.237288135593 398.305084745763 177.1186440677966 
1 2984.3050847457625 3702.966101694916 590.6779661016949 165.25423728813576 
0 594.8983050847459 2435.169491525424 409.3220338983051 172.8813559322034 
