0 0.7356150793650794 0.4595288970288971 0.06601037851037853 0.1762820512820513
1 0.9391622340425532 0.7571625576944727 0.06833628841607561 0.22972250365867386
1 0.9841480918608578 0.7594492288641226 0.03007852077001014 0.23711021051446599
1 0.8762348024316109 0.7439702240234155 0.07546014859844642 0.2666610379376337
1 0.8088219773725093 0.7448497129348194 0.07361322188449845 0.25927333108184186
0 0.7366599121918269 0.7409799617246425 0.07493245525160416 0.2656056512439491
0 0.6634424603174603 0.7418594506360464 0.06622551502870645 0.26032871777552624
0 0.5940507852077 0.741507655071485 0.07097475515028703 0.2624394911628955
0 0.530463736913205 0.7402763705955195 0.06939167510976026 0.2606805133400878
0 0.4610720618034448 0.7383414949904312 0.06569782168186425 0.2610323089046494
0 0.3961657801418439 0.7371102105144659 0.05989319486659915 0.26138410446921084
0 0.3187267814927389 0.7357030282562197 0.06543397500844313 0.262791286727457
0 0.2542162698412698 0.7295466058763932 0.06622551502870651 0.2518856242260499
0 0.18733113812901048 0.7691236068895644 0.0617401215805471 0.17836035123269164
0 0.12519524653833164 0.7677164246313184 0.06253166160081054 0.1797675334909377
