0 121.52777777777779 2263.1944444444443 790.2777777777778 243.05555555555557 
0 359.72222222222223 2268.75 793.0555555555554 300.0 
0 643.75 2270.1388888888887 784.7222222222222 312.5 
0 939.5833333333335 2259.027777777778 809.7222222222224 312.5000000000001 
1 1211.111111111111 2254.8611111111113 793.0555555555557 272.2222222222222 
1 1488.888888888889 2251.388888888889 794.4444444444446 258.3333333333335 
1 1747.2222222222222 2290.972222222222 723.6111111111111 233.33333333333326 
1 1981.9444444444443 2284.027777777778 729.1666666666667 230.55555555555543 
1 2218.75 2281.25 704.1666666666667 251.3888888888887 
1 2460.416666666667 2290.972222222222 693.0555555555554 237.5 
1 2711.8055555555557 2280.5555555555557 697.2222222222224 243.05555555555566 
3 3539.5833333333335 2205.5555555555557 777.7777777777776 304.16666666666697 
3 3802.7777777777783 2197.222222222222 786.1111111111111 241.66666666666652 
