3 0.8559131117724869 0.2068590167548501 0.10489004629629625 0.3244874338624339
3 0.9329013723544974 0.21168154761904762 0.09455605158730158 0.320353835978836
3 0.8920820932539683 0.5840498236331569 0.08732225529100533 0.25077160493827166
3 0.9489190641534392 0.5837053571428571 0.0728546626984127 0.23354828042328044
1 0.13497663850486435 0.5810718552654037 0.08600550435227854 0.2768177163338455
1 0.20918138760880697 0.5786717016555727 0.07920506912442397 0.27308414405188614
1 0.28078597030209934 0.580805171530978 0.07120455709165384 0.26988393923877796
1 0.3529905913978495 0.5797384365932753 0.07080453149001537 0.26348352961256194
1 0.4249951996927804 0.5797384365932753 0.06920442908346133 0.2656169994879674
1 0.493599590373784 0.5829386414063834 0.07200460829493086 0.2592165898617513
1 0.5564036098310292 0.5805384877965523 0.07120455709165384 0.2565497525174945
1 0.1839797747055812 0.17224569039085164 0.10320660522273425 0.3424219150025602
1 0.27538562467997957 0.19091355180064856 0.08120519713261651 0.32108721624850656
1 0.3575908858166923 0.19811401263014164 0.07600486431131594 0.3088197644649258
1 0.43759600614439326 0.20344768731865503 0.0768049155145929 0.30988649940262847
1 0.516601062467998 0.20958141321044543 0.08520545314900158 0.2986857825567503
1 0.5978062596006145 0.21544845536781015 0.08200524833589358 0.29441884280593955
1 0.15597798259088583 0.8717571257893838 0.06720430107526881 0.17334442737668554
1 0.2483838965693805 0.8674901860385732 0.062403993855606764 0.17227769243898278
1 0.32678891449052744 0.865090032428742 0.05840373783922172 0.1696108550947261
1 0.3873927931387609 0.8626898788189111 0.05640360983102915 0.15947687318655052
1 0.44619655657962115 0.8624231950844854 0.05800371223758324 0.16427718040621272
1 0.5012000768049155 0.8602897252090802 0.05120327700972858 0.16321044546850996
