1 0.9594599139090664 0.8188727468388487 0.07944915254237282 0.25894538606403
1 0.8913606403013182 0.8146690879741729 0.07188256658595639 0.2639897767016412
1 0.8222104519774011 0.8113061608824321 0.07230293247242402 0.2651107523988879
1 0.7587352031207965 0.8113061608824321 0.07146220069948887 0.2662317280961349
1 0.6893748318536455 0.793370549726482 0.07482512779122953 0.2931351448300601
1 0.6134987893462469 0.7846829880728186 0.07020110304008612 0.29145368128418975
0 0.5384634786117837 0.7821607927540132 0.07146220069948882 0.29201416913281325
0 0.45670231369383907 0.7785176217379607 0.07776768899650255 0.2936956326786836
0 0.38418919827818127 0.7771164021164021 0.07482512779122948 0.2841673392520851
0 0.31461864406779655 0.7757151824948435 0.06936037126715093 0.28809075419244906
0 0.2389527845036319 0.7698300600842974 0.07692695722356739 0.2875302663438258
0 0.16959241323648097 0.7667473769168685 0.07104183481302129 0.2869697784952023
0 0.08404795534032813 0.7633844498251278 0.07986951842884046 0.28584880279795527
0 0.026680622814097357 0.7504932293067886 0.05336124562819471 0.27463904582548654
