0 0.2407045717592593 0.4872504340277778 0.07776331018518527 0.12885199652777785
0 0.30400028935185186 0.4797905815972222 0.07414641203703705 0.13834635416666669
0 0.3700086805555556 0.48046875 0.07957175925925937 0.13156467013888884
0 0.4938874421296296 0.4716525607638889 0.06691261574074077 0.13834635416666663
0 0.5598958333333334 0.4696180555555556 0.07233796296296295 0.13699001736111116
0 0.624095775462963 0.4655490451388889 0.06329571759259271 0.1397026909722222
0 0.6801576967592592 0.46554904513888895 0.06329571759259271 0.13427734375000006
0 0.7452618634259259 0.4608018663194445 0.06691261574074063 0.1410590277777778
0 0.8094618055555557 0.45808919270833337 0.07233796296296309 0.13292100694444448
0 0.4929832175925926 0.3021104600694444 0.057870370370370385 0.10850694444444448
0 0.5499493634259259 0.2987196180555556 0.07052951388888884 0.10172526041666669
0 0.6150535300925927 0.29736328125 0.059678819444444496 0.10443793402777779
0 0.6756365740740741 0.2960069444444444 0.06510416666666667 0.09629991319444448
0 0.7353153935185185 0.2899034288194444 0.057870370370370385 0.1003689236111111
0 0.792281539351852 0.2899034288194444 0.06329571759259256 0.1003689236111111
0 0.4333043981481482 0.3007541232638889 0.06510416666666667 0.09765625
0 0.380859375 0.3048231336805556 0.06510416666666667 0.10308159722222221
0 0.25245949074074076 0.3122829861111111 0.07957175925925923 0.10986328125
0 0.3184678819444445 0.31228298611111116 0.07052951388888899 0.09629991319444448
0 0.6882957175925926 0.09459092881944445 0.06872106481481473 0.11664496527777779
0 0.6195746527777778 0.0986599392361111 0.07233796296296309 0.11935763888888888
0 0.4865606398809524 0.10881696428571427 0.0706845238095238 0.1157924107142857
0 0.7544177827380952 0.0927734375 0.07068452380952372 0.11579241071428571
0 0.8213820684523808 0.08823939732142856 0.06882440476190466 0.11788504464285712
0 0.8897414434523808 0.08300781249999999 0.07719494047619054 0.12276785714285712
0 0.9571707589285715 0.08056640625 0.07626488095238093 0.12067522321428571
0 0.437366452991453 0.46480618990384615 0.06176549145299141 0.1358423477564102
