1 268.4814814814815 2064.814814814815 848.148148148148 314.81481481481484 
1 569.4074074074074 2060.185185185185 816.6666666666665 290.7407407407408 
1 963.8518518518518 2046.296296296296 844.4444444444443 253.7037037037037 
1 2048.111111111111 2098.148148148148 811.1111111111111 296.2962962962963 
1 375.8888888888889 3165.740740740741 772.2222222222222 329.62962962962973 
1 674.0370370370371 3170.3703703703704 755.5555555555552 285.1851851851852 
1 973.1111111111111 3169.4444444444443 761.1111111111109 298.14814814814815 
1 1265.703703703704 3163.8888888888887 764.8148148148148 253.7037037037037 
1 1548.111111111111 3159.259259259259 733.333333333333 266.6666666666665 
1 1812.0 3175.9259259259256 770.3703703703704 290.7407407407409 
1 2085.148148148148 3183.333333333333 781.4814814814813 277.7777777777778 
1 2353.666666666667 3177.7777777777774 737.037037037037 307.4074074074074 
0 2647.185185185185 3270.3703703703704 540.7407407407404 350.0 
0 2840.7037037037035 3267.592592592592 546.2962962962961 159.25925925925912 
