1 566.391304347826 473.695652173913 921.7391304347825 434.78260869565213 
1 975.0869565217391 480.21739130434776 926.086956521739 452.17391304347825 
1 1379.4347826086955 484.5652173913044 952.1739130434783 434.78260869565224 
1 1794.6521739130433 484.5652173913044 960.8695652173913 421.7391304347825 
1 2192.478260869565 486.7391304347826 965.2173913043478 391.30434782608677 
1 2588.1304347826085 484.67391304347825 969.3478260869565 426.086956521739 
1 3009.869565217391 491.0869565217391 947.8260869565217 452.1739130434785 
1 3427.260869565217 486.7391304347826 956.5217391304348 460.8695652173915 
1 788.1304347826086 2104.130434782609 1286.9565217391305 452.17391304347825 
1 1372.913043478261 2134.565217391304 1330.4347826086955 447.82608695652175 
1 1807.695652173913 2154.1304347826085 1334.782608695652 421.7391304347823 
1 2196.8260869565215 2234.565217391304 1208.6956521739128 391.304347826087 
1 2596.8260869565215 2247.6086956521735 1191.3043478260868 400.0 
1 3003.347826086956 2269.3478260869565 1200.0 447.8260869565215 
