0 2566.391304347826 1928.0434782608695 1352.1739130434783 460.869565217391 
0 2083.782608695652 1915.0 1334.7826086956522 478.2608695652175 
0 1642.478260869565 1912.8260869565215 1339.1304347826087 482.60869565217376 
0 1196.8260869565217 1912.8260869565215 1356.5217391304348 530.4347826086956 
0 2435.9565217391305 428.04347826086956 830.4347826086956 382.608695652174 
0 2794.6521739130435 419.3478260869565 752.1739130434783 334.782608695652 
0 1957.695652173913 432.391304347826 856.5217391304348 504.3478260869563 
0 1399.0 428.04347826086956 839.1304347826086 534.7826086956522 
0 853.3478260869565 330.21739130434776 652.1739130434783 556.5217391304346 
0 3751.173913043478 375.8695652173913 726.0869565217391 500.0 
1 268.5652173913043 1891.086956521739 1313.0434782608697 534.7826086956521 
