0 892.1111111111113 2898.5555555555557 544.4444444444443 255.55555555555566 
0 1119.888888888889 2845.777777777778 538.8888888888887 233.33333333333348 
0 1775.5806451612902 1914.516129032258 570.9677419354839 241.93548387096757 
0 1999.7741935483873 1877.4193548387098 554.8387096774195 245.16129032258073 
0 2198.1612903225805 1853.225806451613 532.2580645161293 203.22580645161315 
0 2380.4193548387098 1832.258064516129 509.67741935483855 212.9032258064517 
0 2565.9032258064517 1809.6774193548388 470.9677419354839 216.1290322580644 
0 1336.8709677419356 2774.1935483870966 509.67741935483855 216.12903225806463 
0 1530.4193548387098 2720.967741935484 519.3548387096771 203.22580645161293 
0 1735.258064516129 2670.967741935484 503.2258064516127 212.9032258064517 
0 1928.8064516129034 2630.645161290323 493.54838709677415 219.35483870967732 
1 2694.935483870968 2401.612903225807 448.38709677419365 267.7419354838712 
1 2869.1290322580644 2361.290322580645 425.80645161290295 190.32258064516145 
0 853.0 3704.8387096774195 616.1290322580644 300.0 
0 1327.1935483870968 3545.1612903225805 638.7096774193546 248.38709677419365 
0 1553.0 3456.451612903226 641.9354838709678 229.0322580645161 
0 1762.6774193548388 3369.354838709677 622.5806451612902 229.0322580645161 
0 1943.3225806451615 3291.935483870968 583.8709677419356 190.32258064516122 
0 2125.5806451612902 3235.483870967742 587.0967741935483 225.8064516129034 
0 2294.935483870968 3166.1290322580644 577.4193548387098 203.2258064516127 
1 2759.451612903226 2996.7741935483873 529.0322580645161 229.0322580645161 
1 2909.4516129032254 2937.0967741935483 525.8064516129034 206.45161290322585 
0 357.8387096774194 3050.0 635.483870967742 393.5483870967742 
0 657.8387096774193 2983.8709677419356 561.2903225806454 283.8709677419355 
0 2709.0 1780.0 480.0 180.0 
