1 0.11007180650037793 0.4889455782312925 0.08786848072562356 0.1629818594104309
1 0.18329554043839755 0.4939058956916099 0.08503401360544216 0.15873015873015867
1 0.35147392290249424 0.5031179138321995 0.08314436885865455 0.15873015873015872
1 0.42658730158730157 0.5073696145124715 0.07653061224489793 0.16156462585034012
1 0.5739795918367346 0.5162273242630385 0.07842025699168563 0.16652494331065756
1 0.16203703703703703 0.6831065759637187 0.08975812547241117 0.12188208616780037
1 0.23762282690854114 0.6891298185941043 0.08786848072562356 0.12684240362811794
1 0.30753968253968256 0.693735827664399 0.08597883597883602 0.12613378684807253
1 0.37981859410430835 0.6994047619047619 0.07558578987150412 0.12329931972789121
1 0.4502078609221466 0.7061366213151927 0.07086167800453512 0.11975623582766447
1 0.5120937263794406 0.7121598639455783 0.07369614512471649 0.12755102040816324
1 0.5843726379440665 0.718891723356009 0.08030990173847317 0.12542517006802723
1 0.6599584278155706 0.7277494331065758 0.08408919123204836 0.13605442176870755
1 0.21872637944066511 0.8584892290249432 0.08219954648526076 0.13109410430839
1 0.31415343915343913 0.8673469387755102 0.08030990173847317 0.13463718820861673
1 0.38218065003779284 0.8754960317460317 0.07275132275132275 0.13534580498866214
1 0.448318216175359 0.8832908163265305 0.0689720332577475 0.12684240362811794
1 0.5139833711262283 0.8914399092970521 0.0642479213907785 0.1303854875283447
1 0.5739795918367346 0.8985260770975056 0.07275132275132275 0.12613378684807253
0 0.7917611489040058 0.5619331065759636 0.08314436885865446 0.1403061224489796
0 0.8602607709750566 0.5722080498866212 0.09353741496598648 0.14668367346938774
0 0.7312925170068028 0.7454648526077097 0.09070294784580497 0.10062358276643993
0 0.7997921390778533 0.7497165532879818 0.08975812547241123 0.10345804988662125
0 0.8876606198034768 0.7575113378684806 0.11432350718065006 0.10345804988662137
0 0.881991685563114 0.925453514739229 0.09731670445956173 0.133219954648526
0 0.949546485260771 0.9297052154195011 0.09448223733938022 0.12896825396825384
1 0.8035714285714286 0.9208475056689341 0.09164777021919886 0.13392857142857142
0 0.9419879062736205 0.5707908163265305 0.09448223733938022 0.14384920634920628
0 0.8356953892668177 0.35466269841269843 0.11621315192743768 0.12684240362811788
