0 2262.666666666667 1066.5555555555557 855.5555555555557 327.7777777777778 
0 267.741935483871 2024.1935483870966 609.6774193548388 245.16129032258064 
0 477.4193548387097 2041.9354838709678 593.5483870967739 251.61290322580646 
0 703.2258064516129 2045.1612903225805 612.9032258064515 316.1290322580645 
0 950.0 2048.3870967741937 612.9032258064517 293.54838709677415 
0 1204.8387096774195 2067.741935483871 606.4516129032259 248.38709677419342 
0 1466.1290322580644 2077.4193548387098 619.3548387096773 241.93548387096757 
0 1725.8064516129032 2083.8709677419356 606.4516129032256 258.0645161290322 
0 1991.9354838709678 2090.3225806451615 619.3548387096773 280.6451612903227 
0 2259.677419354839 2114.516129032258 616.1290322580644 293.54838709677415 
0 2533.8709677419356 2119.3548387096776 625.8064516129034 306.45161290322585 
0 301.61290322580646 2843.548387096774 467.7419354838712 235.48387096774195 
0 503.22580645161287 2827.4193548387093 435.48387096774195 245.1612903225806 
0 748.3870967741937 2824.1935483870966 467.74193548387075 283.8709677419355 
0 1038.7096774193549 2845.1612903225805 458.0645161290322 296.77419354838696 
0 1324.1935483870966 2853.2258064516127 454.83870967741905 261.2903225806451 
0 1596.774193548387 2848.387096774193 451.61290322580635 206.45161290322585 
0 1793.5483870967741 2819.3548387096776 387.0967741935483 200.0 
0 2006.4516129032259 2882.258064516129 461.29032258064535 264.5161290322578 
0 2298.3870967741937 2893.5483870967746 477.41935483870975 274.1935483870966 
0 2530.6451612903224 2903.2258064516127 483.87096774193515 300.0 
0 2433.8709677419356 3641.935483870968 574.1935483870966 325.8064516129034 
0 2717.741935483871 3648.3870967741937 587.0967741935483 351.61290322580635 
0 1664.516129032258 3580.645161290323 580.6451612903224 245.1612903225805 
0 1417.7419354838712 3574.1935483870966 580.6451612903224 267.741935483871 
0 1187.0967741935483 3556.451612903226 577.4193548387093 283.8709677419354 
0 956.4516129032259 3546.7741935483873 577.4193548387098 312.9032258064517 
1 459.6774193548387 3525.8064516129034 574.193548387097 287.0967741935484 
1 703.2258064516129 3535.483870967742 567.7419354838712 277.41935483870975 
