0 0.0036530671296296133 0.20174153645833334 0.06333188657407411 0.20716688368055555 0.06333188657407411 0.24378797743055558 0.10311776620370372 0.2695583767361111 0.12662760416666666 0.4485948350694445 0.00546151620370372 0.4608018663194445
0 0.1410951967592593 0.205810546875 0.14290364583333334 0.2451443142361111 0.10854311342592597 0.2682020399305556 0.1302445023148148 0.4567328559027778 0.278537326388889 0.45537651909722227 0.2586443865740741 0.2763400607638889 0.2188585069444445 0.2478569878472222 0.21705005787037038 0.2003851996527778
0 0.3038556134259259 0.205810546875 0.3038556134259259 0.242431640625 0.2622612847222223 0.27498372395833337 0.28215422453703703 0.4567328559027778 0.4159794560185186 0.45537651909722227 0.4105541087962963 0.2695583767361111 0.37257667824074076 0.2478569878472222 0.36895978009259256 0.20716688368055555
0 0.4539568865740741 0.20445421006944445 0.4557653356481482 0.24650065104166669 0.41778790509259256 0.2682020399305556 0.41778790509259256 0.4594455295138889 0.5642722800925926 0.4567328559027778 0.5606553819444445 0.2722710503472222 0.5244864004629629 0.2451443142361111 0.5208695023148149 0.20445421006944445
0 0.6112919560185186 0.218017578125 0.6112919560185186 0.2573513454861111 0.5678891782407408 0.2763400607638889 0.5696976273148149 0.45537651909722227 0.7071397569444445 0.4526638454861111 0.7161820023148149 0.2736273871527778 0.6890552662037037 0.2532823350694445 0.6872468171296297 0.21666124131944445
0 0.7704354745370371 0.21394856770833334 0.766818576388889 0.2559950086805556 0.7197989004629629 0.2899034288194445 0.7089482060185186 0.4513075086805556 0.8554325810185185 0.4540201822916667 0.8717086226851851 0.3048231336805556 0.8481987847222223 0.2641330295138889 0.8463903356481483 0.2153049045138889
0 0.9114945023148149 0.2153049045138889 0.9114945023148149 0.2587076822916667 0.8753255208333334 0.29939778645833337 0.8590494791666666 0.4540201822916667 0.9996744791666666 0.45263671875 0.9996744791666666 0.270751953125 0.9892578125 0.2532823350694445 0.9910662615740741 0.2153049045138889
0 0.00546151620370372 0.6384819878472222 0.05790653935185186 0.669677734375 0.056098090277777825 0.742919921875 0.08141637731481481 0.7822536892361112 0.10311776620370372 0.926025390625 0.07418258101851853 0.9640028211805556 3.616898148147326e-05 0.9640028211805556
0 0.07779947916666667 0.5760904947916667 0.07779947916666667 0.5910101996527778 0.12481915509259263 0.6222059461805556 0.11396846064814814 0.681884765625 0.14290364583333334 0.7239312065972222 0.15737123842592596 0.8582085503472222 0.09950086805555558 0.8880479600694445 0.030779803240740772 0.864990234375 0.00546151620370372 0.7361382378472222 0.01992910879629628 0.6859537760416667 0.0036530671296296133 0.6642523871527778 0.0126953125 0.6045735677083334 0.01631221064814814 0.5733778211805556
0 0.13386140046296302 0.6249186197916667 0.14652054398148148 0.6832411024305556 0.14471209490740744 0.7252875434027778 0.1609881365740741 0.8636338975694445 0.24055989583333334 0.8785536024305556 0.2694950810185186 0.8324381510416667 0.2604528356481482 0.7076551649305556 0.25141059027777785 0.6845974392361112 0.2731119791666667 0.6561143663194444 0.2676866319444445 0.6127115885416667 0.22970920138888898 0.584228515625 0.22970920138888898 0.572021484375 0.1718388310185186 0.5706651475694444 0.1718388310185186 0.584228515625
0 0.34002459490740744 0.6032172309027778 0.34002459490740744 0.6344129774305556 0.37981047453703703 0.6615397135416667 0.4033203125 0.9341634114583334 0.3345992476851853 0.9775661892361112 0.2568359375 0.9531521267361112 0.23332609953703706 0.6778157552083334 0.2658781828703704 0.6398383246527778 0.2640697337962963 0.6113552517361112 0.2731119791666667 0.593722873263889
0 0.44672309027777785 0.6072862413194444 0.44672309027777785 0.6344129774305556 0.4087456597222223 0.6656087239583334 0.4195963541666667 0.9463704427083334 0.5624638310185186 0.9463704427083334 0.5642722800925926 0.6683213975694444 0.5136357060185186 0.6371256510416667 0.5154441550925926 0.6032172309027778 0.4810836226851853 0.5869411892361112 0.4485315393518519 0.5910101996527778
0 0.6239510995370371 0.5977918836805556 0.6239510995370371 0.6344129774305556 0.5913990162037037 0.6371256510416667 0.5733145254629629 0.6778157552083334 0.5769314236111112 0.9409450954861112 0.7089482060185186 0.947726779513889 0.7396918402777778 0.6683213975694444 0.7089482060185186 0.642550998263889 0.7017144097222223 0.593722873263889 0.6528862847222223 0.581515842013889
0 0.7776692708333334 0.5869411892361112 0.7686270254629629 0.618136935763889 0.7288411458333334 0.6479763454861112 0.7125651041666666 0.9368760850694445 0.8536241319444446 0.9409450954861112 0.8789424189814815 0.6628960503472222 0.8445818865740741 0.6249186197916667 0.8481987847222223 0.5896538628472222 0.8102213541666666 0.5801595052083334
0 0.9422381365740741 0.593722873263889 0.9368127893518517 0.620849609375 0.8952184606481483 0.6411946614583334 0.8590494791666666 0.9151746961805556 0.913302951388889 0.935519748263889 0.9856409143518517 0.935519748263889 0.9983000578703706 0.6262749565972222 0.9983000578703706 0.5923665364583334 0.9711733217592592 0.581515842013889
