3 0.8541942239858907 0.5479497354497355 0.8514384920634921 0.5608098177542623 0.8293926366843034 0.5681584362139919 0.8059689153439155 0.7004335684891241 0.8225033068783069 0.7188051146384481 0.8597056878306879 0.7206422692533804 0.8900187389770723 0.5902042915931806 0.8817515432098765 0.5663212815990594 0.8831294091710759 0.5497868900646679 0.8707286155202822 0.5461125808348031
3 0.7963238536155203 0.5497868900646679 0.7742779982363316 0.555298353909465 0.7742779982363316 0.5699955908289243 0.7784115961199295 0.5993900646678425 0.7660108024691358 0.6710390946502057 0.7660108024691358 0.7022707231040566 0.8045910493827161 0.7059450323339213 0.8321483686067019 0.582855673133451 0.8156139770723104 0.5589726631393298 0.8197475749559083 0.5479497354497355 0.8114803791887126 0.5387639623750735
3 0.7510429385429385 0.5494505494505494 0.7472273097273097 0.5596255596255596 0.7281491656491655 0.5647130647130647 0.7287851037851039 0.5765839099172432 0.7236975986975986 0.6257631257631258 0.7173382173382173 0.655440238773572 0.7109788359788359 0.6995319495319495 0.7160663410663411 0.7088590421923755 0.7618538868538868 0.706315289648623 0.7650335775335775 0.6825735992402658 0.7802960927960928 0.5943901777235111 0.7701210826210826 0.5655609822276488 0.7758445258445258 0.5502984669651336 0.7650335775335775 0.547754714421381
3 0.6988960113960113 0.5469067969067969 0.6944444444444444 0.5664088997422331 0.6772741147741147 0.5723443223443223 0.6588319088319088 0.6986840320173653 0.6620115995115995 0.7130986297652964 0.6709147334147334 0.720729887396554 0.7109788359788359 0.7097069597069597 0.7306929181929182 0.5926943426943426 0.720517908017908 0.5740401573734907 0.7230616605616605 0.5511463844797178 0.7103428978428978 0.5494505494505494 0.7052553927553927 0.5426672093338759
3 0.9202024827024827 0.2933794600461267 0.9132071632071631 0.3128815628815629 0.9023962148962148 0.32220865554198885 0.8909493284493285 0.3247524080857414 0.8845899470899471 0.35273368606701944 0.8820461945461945 0.3824107990774657 0.8852258852258852 0.40615248948582283 0.86996336996337 0.4748338081671415 0.9182946682946683 0.4748338081671415 0.9462759462759462 0.3586691086691086 0.9424603174603174 0.3205128205128205 0.9488196988196987 0.2976190476190476 0.9322853072853072 0.2857482024148691 0.9246540496540496 0.2857482024148691
3 0.8731430606430606 0.2865961199294533 0.8483414733414733 0.37223578890245557 0.8311711436711436 0.3900420567087234 0.8260836385836385 0.4095441595441595 0.8152726902726902 0.46381088047754715 0.8229039479039478 0.4790733957400624 0.8674196174196174 0.47822547822547823 0.8845899470899471 0.40615248948582283 0.8820461945461945 0.37817121150454486 0.8928571428571429 0.31457739791073125 0.898580586080586 0.2882919549586216 0.8814102564102564 0.27726902726902725
3 0.9049399674399674 0.5460588793922128 0.9023962148962148 0.5536901370234704 0.8833180708180708 0.5630172296838963 0.889041514041514 0.5909985076651743 0.8648758648758648 0.702075702075702 0.9138431013431013 0.7003798670465337 0.9144790394790394 0.6800298466965133 0.9411884411884412 0.5884547551214218 0.9329212454212454 0.5689526522859857 0.9341931216931216 0.5469067969067969 0.9233821733821733 0.5452109618776285 0.912571225071225 0.5426672093338759
3 0.6569240944240944 0.7894112060778727 0.6524725274725274 0.7961945461945462 0.6378459503459503 0.7970424637091303 0.6302146927146928 0.8555487722154389 0.6200396825396826 0.9276217609550943 0.6238553113553114 0.940340523673857 0.6397537647537647 0.9505155338488671 0.6651912901912901 0.9454280287613621 0.6728225478225478 0.9310134310134309 0.6887210012210011 0.8445258445258446 0.6855413105413105 0.8292633292633292 0.6753663003663003 0.804673721340388 0.6728225478225478 0.7961945461945462 0.6664631664631665 0.7834757834757834 0.6613756613756613 0.7809320309320309
3 0.7046194546194546 0.7885632885632886 0.6906288156288155 0.7894112060778727 0.6855413105413105 0.804673721340388 0.6836334961334961 0.8207841541174874 0.6874491249491249 0.8411341744675078 0.6861772486772486 0.860636277302944 0.6721866096866097 0.9276217609550943 0.6817256817256817 0.940340523673857 0.7160663410663411 0.9352530185863518 0.7217897842897842 0.9318613485280152 0.7402319902319902 0.8385904219237553 0.7306929181929182 0.7970424637091303 0.7262413512413511 0.7919549586216253 0.725605413105413 0.7826278659611993 0.7147944647944647 0.7758445258445259 0.7077991452991453 0.7758445258445259
3 0.7643976393976393 0.781779948446615 0.7567663817663818 0.790259123592457 0.7421398046398047 0.7919549586216253 0.7364163614163614 0.8131528964862298 0.7395960520960521 0.841982091982092 0.725605413105413 0.9276217609550943 0.7319647944647945 0.936100936100936 0.7682132682132682 0.9310134310134309 0.7930148555148555 0.8402862569529237 0.7802960927960928 0.7978903812237145 0.7790242165242165 0.781779948446615 0.7713929588929589 0.77669244335911
3 0.8140008140008139 0.77669244335911 0.8089133089133089 0.7851716185049518 0.7917429792429792 0.7877153710487043 0.7879273504273504 0.8106091439424773 0.7917429792429792 0.8402862569529237 0.7701210826210826 0.9276217609550943 0.7764804639804639 0.9335571835571835 0.8152726902726902 0.9293175959842627 0.8388024013024012 0.8487654320987654 0.8438899063899064 0.8351987518654185 0.8394383394383393 0.82332790666124 0.8298992673992674 0.7987382987382987 0.8305352055352055 0.7860195360195359 0.823539886039886 0.7724528557861892
3 0.8362586487586487 0.7961945461945462 0.8337148962148961 0.8012820512820512 0.8432539682539683 0.8385904219237553 0.8178164428164428 0.9293175959842627 0.8254477004477004 0.9293175959842627 0.8667836792836793 0.9259259259259259 0.8966727716727716 0.8343508343508342 0.8915852665852666 0.8012820512820512 0.8909493284493285 0.7936507936507936 0.8527930402930404 0.7944987111653778 0.8426180301180302 0.795346628679962
3 0.9354649979649979 0.7911070411070411 0.8966727716727716 0.795346628679962 0.8941290191290191 0.8021299687966353 0.8992165242165242 0.832654999321666 0.8686914936914937 0.9276217609550943 0.9106634106634106 0.9208384208384207 0.940552503052503 0.8301112467779134 0.936100936100936 0.809761226427893
3 0.940552503052503 0.7928028761362095 0.9386446886446885 0.7978903812237145 0.9424603174603174 0.832654999321666 0.9093915343915343 0.9242300908967576 0.9494556369556368 0.9208384208384207 0.9857041107041107 0.8284154117487451 0.9793447293447294 0.7961945461945462 0.9806166056166056 0.7868674535341201
3 0.6111365486365486 0.7928028761362095 0.599053724053724 0.8038258038258037 0.5996896621896621 0.8140008140008139 0.5876068376068375 0.8292633292633292 0.5774318274318274 0.9199905033238366 0.5856990231990232 0.9462759462759462 0.6194037444037445 0.9411884411884412 0.6308506308506309 0.8716592049925384 0.6213115588115588 0.8360466693800026 0.6238553113553114 0.8114570614570614 0.621947496947497 0.7928028761362095 0.6168599918599919 0.7885632885632886
3 0.538003663003663 0.809761226427893 0.5373677248677249 0.8385904219237553 0.5437271062271063 0.8487654320987654 0.5411833536833536 0.8665716999050331 0.5449989824989825 0.8877696377696377 0.5418192918192919 0.949667616334283 0.5074786324786325 0.9488196988196987 0.505570818070818 0.8750508750508751 0.5087505087505088 0.8665716999050331 0.5081145706145707 0.8555487722154389 0.5151098901098901 0.8402862569529237 0.5176536426536427 0.8063695563695564 0.5252849002849003 0.7961945461945462 0.5335520960520961 0.795346628679962
3 0.49348799348799344 0.8140008140008139 0.4941239316239316 0.8411341744675078 0.5036630036630036 0.8530050196716863 0.5068426943426944 0.8623321123321123 0.50493487993488 0.8758987925654592 0.5068426943426944 0.949667616334283 0.4674145299145299 0.949667616334283 0.46169108669108666 0.8826821326821326 0.46423483923483927 0.8640279473612806 0.4712301587301587 0.8479175145841812 0.47250203500203497 0.832654999321666 0.47250203500203497 0.8080653913987248 0.4788614163614163 0.7995862162528828 0.4896723646723647 0.7987382987382987 0.49666768416768414 0.8055216388549722
3 0.4496082621082621 0.8114570614570614 0.4426129426129426 0.8012820512820512 0.4318019943019943 0.8021299687966353 0.4248066748066748 0.809761226427893 0.4222629222629223 0.8199362366029032 0.426078551078551 0.8301112467779134 0.41971916971916967 0.8436779270112603 0.4159035409035409 0.8725071225071226 0.4133597883597883 0.8954008954008954 0.4171754171754172 0.9530592863926196 0.42925824175824173 0.9564509564509565 0.45469576719576715 0.9530592863926196 0.46359890109890106 0.9471238637905304 0.4629629629629629 0.8826821326821326 0.458511396011396 0.8504612671279337 0.4502442002442002 0.8335029168362501 0.4502442002442002 0.82332790666124
3 0.3987332112332112 0.8156966490299823 0.40000508750508745 0.832654999321666 0.4127238502238502 0.8462216795550128 0.4146316646316646 0.8614841948175281 0.4133597883597883 0.8894654727988062 0.41208791208791207 0.907271740605074 0.4133597883597883 0.9335571835571835 0.4146316646316646 0.9505155338488671 0.4089082214082214 0.958994708994709 0.38219881969881964 0.9572988739655407 0.3713878713878714 0.9556030389363723 0.3707519332519333 0.9377967711301045 0.3707519332519333 0.9081196581196581 0.3663003663003663 0.888617555284222 0.3694800569800569 0.8691154524487857 0.3707519332519333 0.8513091846425179 0.3752035002035002 0.8360466693800026 0.3758394383394383 0.8207841541174874 0.37965506715506714 0.809761226427893 0.39173789173789175 0.8038258038258037
3 0.3465862840862841 0.8207841541174874 0.3313237688237688 0.8165445665445665 0.3236925111925112 0.8258716592049925 0.32750814000814 0.8453737620404287 0.31924094424094424 0.865723782390449 0.31733312983312983 0.8954008954008954 0.31796906796906793 0.9208384208384207 0.32242063492063494 0.9606905440238773 0.36693630443630443 0.9556030389363723 0.36439255189255193 0.8733550400217067 0.3548534798534798 0.8487654320987654 0.3472222222222222 0.8402862569529237
3 0.29889092389092387 0.8309591642924976 0.3116096866096866 0.8496133496133496 0.31796906796906793 0.8538529371862704 0.31796906796906793 0.8758987925654592 0.31415343915343913 0.9089675756342424 0.31796906796906793 0.9377967711301045 0.3205128205128205 0.9564509564509565 0.3065221815221815 0.9640822140822141 0.2779049654049654 0.9640822140822141 0.27154558404558404 0.9115113281779949 0.2740893365893366 0.8860738027404693 0.2728174603174603 0.870811287477954 0.27536121286121285 0.8538529371862704 0.2779049654049654 0.841982091982092 0.2772690272690273 0.8301112467779134 0.28426434676434675 0.8199362366029032 0.29380341880341876 0.819088319088319
3 0.24928774928774927 0.8267195767195767 0.23720492470492469 0.8207841541174874 0.22702991452991453 0.8258716592049925 0.22448616198616198 0.8351987518654185 0.2263939763939764 0.8487654320987654 0.2213064713064713 0.8674196174196174 0.21876271876271874 0.9047279880613215 0.2302096052096052 0.9657780491113824 0.27345339845339844 0.9640822140822141 0.2766330891330891 0.9556030389363723 0.2690018315018315 0.9004884004884004 0.27090964590964595 0.8801383801383801 0.2645502645502646 0.8623321123321123 0.2543752543752544 0.8513091846425179 0.2518315018315018 0.8360466693800026
3 0.631486568986569 0.5816714150047483 0.6206756206756207 0.6257631257631258 0.6073209198209198 0.6622235788902455 0.6143162393162392 0.7275132275132276 0.6524725274725274 0.724969474969475 0.6613756613756613 0.6808777642110975 0.6562881562881563 0.6393298059964726 0.6626475376475376 0.6105006105006106 0.6601037851037851 0.598629765296432 0.6581959706959707 0.5740401573734907 0.6384818884818885 0.5731922398589065
3 0.5946021571021571 0.5782797449464117 0.5996896621896621 0.5926943426943426 0.6028693528693528 0.6105006105006106 0.6003256003256002 0.6588319088319088 0.5977818477818477 0.6885090218423551 0.5901505901505901 0.702075702075702 0.5736161986161986 0.7029236195902862 0.5596255596255596 0.6935965269298603 0.5545380545380546 0.6791819291819292 0.5545380545380546 0.6596798263464929 0.556445868945869 0.6333943833943834 0.556445868945869 0.6105006105006106 0.5589896214896215 0.5969339302672636 0.5653490028490028 0.5842151675485008 0.5698005698005698 0.5782797449464117 0.5717083842083842 0.5723443223443223 0.5876068376068375 0.5731922398589065
3 0.5125661375661376 0.6028693528693528 0.5112942612942613 0.62661104327771 0.5157458282458282 0.6435693935693936 0.5182895807895808 0.6630714964048298 0.5233770858770859 0.6740944240944241 0.5208333333333334 0.7275132275132276 0.4903083028083028 0.7317528150861484 0.4775895400895401 0.7241215574548908 0.4794973544973545 0.6749423416090082 0.482041107041107 0.6596798263464929 0.4814051689051689 0.6461131461131461 0.48776455026455023 0.6308506308506309 0.4922161172161172 0.6121964455297788 0.49348799348799344 0.5952380952380952 0.5036630036630036 0.5909985076651743
3 0.45596764346764346 0.5935422602089269 0.44324888074888075 0.6003256003256002 0.44388481888481884 0.6164360331026997 0.4426129426129426 0.6376339709673043 0.43816137566137564 0.6512006512006512 0.430530118030118 0.6817256817256817 0.4324379324379324 0.7181861348528015 0.43434574684574684 0.7334486501153167 0.4655067155067155 0.7317528150861484 0.47822547822547823 0.7181861348528015 0.476953601953602 0.6478089811423144 0.4674145299145299 0.6308506308506309 0.46677859177859177 0.6045651878985212 0.46423483923483927 0.5926943426943426
3 0.416539479039479 0.5994776828110161 0.4184472934472934 0.6215235381902049 0.42735042735042733 0.6376339709673043 0.4298941798941799 0.6656152489485823 0.4298941798941799 0.7266653099986433 0.4203551078551079 0.7385361552028218 0.3911019536019536 0.7334486501153167 0.38855820105820105 0.7241215574548908 0.3860144485144485 0.6469610636277303 0.39237382987382985 0.631698548365215 0.3980972730972731 0.6215235381902049 0.3968253968253968 0.6028693528693528 0.39936914936914936 0.5901505901505901 0.4095441595441595 0.5876068376068376
3 0.3656644281644282 0.5867589200922534 0.3675722425722426 0.6071089404422737 0.3758394383394383 0.622371455704789 0.3809269434269434 0.6333943833943834 0.383470695970696 0.6673110839777506 0.3841066341066341 0.7266653099986433 0.38219881969881964 0.7334486501153167 0.3440425315425315 0.735144485144485 0.3395909645909646 0.7266653099986433 0.33323158323158325 0.641025641025641 0.34277065527065526 0.6138922805589472 0.3440425315425315 0.5909985076651743 0.34976597476597476 0.5816714150047483 0.3599409849409849 0.5808234974901642
3 0.29125966625966626 0.5918464251797585 0.2918956043956044 0.6121964455297788 0.28362840862840866 0.6376339709673043 0.2874440374440374 0.6817256817256817 0.29380341880341876 0.7359924026590693 0.3090659340659341 0.7359924026590693 0.3345034595034595 0.7342965676299009 0.33768315018315015 0.7164902998236331 0.3313237688237688 0.6240672907339574 0.3186050061050061 0.6088047754714421 0.3166971916971917 0.5850630850630851 0.30397842897842897 0.5825193325193325
3 0.262006512006512 0.5918464251797585 0.2645502645502646 0.6113485280151947 0.2779049654049654 0.6274589607922941 0.28426434676434675 0.645265228598562 0.2918956043956044 0.7376882376882375 0.2410205535205535 0.7393840727174061 0.23211741961741963 0.6622235788902455 0.238476800976801 0.6249152082485415 0.24165649165649167 0.6138922805589472 0.24038461538461536 0.5952380952380952 0.24674399674399672 0.5867589200922534 0.2569190069190069 0.5850630850630851
3 0.21113146113146114 0.5994776828110161 0.2130392755392755 0.618131868131868 0.2263939763939764 0.6291547958214625 0.23148148148148145 0.6478089811423144 0.24038461538461536 0.7393840727174061 0.22385022385022385 0.7470153303486636 0.196504884004884 0.7444715778049111 0.19078144078144077 0.73005698005698 0.18124236874236874 0.6757902591235924 0.18315018315018314 0.6350902184235517 0.19078144078144077 0.6172839506172839 0.1895095645095645 0.5977818477818477 0.196504884004884 0.5884547551214218 0.2092236467236467 0.5901505901505901
3 0.14927747828691224 0.5889987022062494 0.1581686133572926 0.6264350603973246 0.17641883797544175 0.6320505141259858 0.18156633722671456 0.6464011180992313 0.1806304282719377 0.6751023260457222 0.18858565438754119 0.7437356493960268 0.12821952680443247 0.7449835280023959 0.11230907457322552 0.6520165718278925 0.13196316262354 0.6308026355196166 0.12962339023659777 0.6095886992113406 0.12447589098532494 0.5996056703603874 0.12353998203054807 0.5889987022062494 0.13477088948787064 0.5846311270839573
3 0.09546271338724169 0.5964859738444643 0.10014225816112608 0.6295547569132475 0.10950134770889489 0.6420335429769392 0.11371293800539084 0.6570080862533693 0.12728361784965558 0.7481032245183188 0.08844339622641509 0.7474792852151342 0.06972521713087751 0.6626235399820305 0.07721248876909254 0.643905360886493 0.06785339922132375 0.6089647599081561 0.06410976340221623 0.5921183987221723 0.07019317160826595 0.5858790056903264 0.08563566936208446 0.5858790056903264 0.09359089547768794 0.5871268842966956
3 0.0496031746031746 0.5889987022062494 0.02573749625636418 0.5896226415094339 0.022929769392033544 0.5983577917540182 0.03556454028152141 0.6432814215833084 0.0294811320754717 0.6563841469501847 0.0519429469901168 0.749351103124688 0.08703953279424977 0.746231406608765 0.06738544474393532 0.6613756613756614 0.06832135369871219 0.6420335429769392 0.06317385444743935 0.6326744534291704 0.0589622641509434 0.6220674852750324 0.05568658280922431 0.6021014275731256
3 0.12746862310815799 0.31069275255321765 0.1395810262089332 0.355297157622739 0.14996308600959762 0.3614494893564661 0.17418789221114803 0.5114125753660638 0.1280454042081949 0.5098744924326319 0.10209025470653378 0.3629875722898979 0.10901162790697674 0.3529900332225914 0.10670450350682908 0.3391472868217055 0.10035991140642304 0.31299987695336534 0.10728128460686599 0.30607850375292234 0.12112403100775194 0.30607850375292234
3 0.22033038021410115 0.006921373200442968 0.2514765596160945 0.06152331733727082 0.2560908084163898 0.20764119601328904 0.1903377630121816 0.21225544481358435 0.17303433001107418 0.05998523440383905 0.1816860465116279 0.03076165866863541 0.1891842008121078 0.004614248800295312
3 0.11477943890734588 0.0038452073335794265 0.10555094130675526 0.027685492801771874 0.10093669250645995 0.05690906853697551 0.10266703580657069 0.08151839547188384 0.12516149870801035 0.21225544481358435 0.19495201181247693 0.2099483204134367 0.17534145441122184 0.04537344653623724 0.15515411590992986 0.023840285468192446 0.14592561830933926 0.006921373200442968 0.14131136950904394 0.0007690414667158854 0.12054724990771502 0.0007690414667158854
3 0.051910299003322266 0.002307124400147656 0.0369139904023625 0.0576781100036914 0.06402270210409745 0.2130244862803002 0.12400793650793651 0.2099483204134367 0.09978313030638612 0.06536852467085026 0.10785806570690293 0.03460686600221484 0.09113141380583241 0.007690414667158853 0.08594038390550018 0.002307124400147656 0.06229235880398671 0.0
3 0.08129409171075838 0.3095605526161082 0.0874944885361552 0.34997795414462085 0.09989528218694885 0.3582451499118166 0.1267636684303351 0.5107289829512052 0.08336089065255732 0.5125661375661376 0.05235890652557319 0.36834950029394475 0.05787037037037037 0.3518151087595532 0.05304783950617284 0.3251763668430335 0.0496031746031746 0.3095605526161082 0.05787037037037037 0.3058862433862434 0.07027116402116403 0.3058862433862434
3 0.011711860670194004 0.308641975308642 0.018601190476190476 0.3453850676072899 0.011022927689594356 0.35365226337448563 0.0496031746031746 0.5162404467960023 0.07922729276895944 0.5116475602586713 0.048914241622574954 0.36467519106408 0.05649250440917108 0.3453850676072899 0.046847442680776015 0.308641975308642 0.026868386243386246 0.3058862433862434
3 0.5566578483245149 0.7872207524985303 0.5559689153439155 0.7964065255731922 0.5421902557319225 0.809266607877719 0.5401234567901235 0.842335390946502 0.5463238536155203 0.9020429159318049 0.5738811728395062 0.9011243386243386 0.5787037037037037 0.8156966490299825 0.5711254409171076 0.8009994121105232 0.5697475749559083 0.7844650205761317 0.5656139770723104 0.7835464432686654
3 0.25731646825396826 0.0027557319223985893 0.2604166666666667 0.04133597883597884 0.25163277116402116 0.0654486331569665 0.2666170634920635 0.21425815696649034 0.32138723544973546 0.21150242504409172 0.30950314153439157 0.062003968253968256 0.29038525132275134 0.03858024691358025 0.2878017526455027 0.0020667989417989417 0.2661003637566138 0.0013778659611992947
3 0.31725363756613756 0.004133597883597883 0.32138723544973546 0.04271384479717814 0.30898644179894186 0.0654486331569665 0.3244874338624339 0.21632495590828926 0.38029100529100535 0.21356922398589068 0.36944031084656087 0.06613756613756613 0.35393931878306883 0.048225308641975315 0.347738921957672 0.0020667989417989417 0.32655423280423285 0.0013778659611992947
