3 0.07460345643939396 0.9278009588068181 0.04649029356060604 0.7580122514204546 0.08792021780303035 0.701416015625 0.09531841856060604 0.664794921875 0.13674834280303036 0.6636851917613636 0.1426669034090909 0.689208984375 0.18409682765151522 0.7347079190340909 0.19593394886363633 0.9189231178977273
3 0.299508759469697 0.9111550071022727 0.30098839962121215 0.7247203480113636 0.26843631628787884 0.6858797940340909 0.2669566761363637 0.6614657315340909 0.22552675189393936 0.6592462713068181 0.22552675189393936 0.6947576349431818 0.19001538825757577 0.7369273792613636 0.21220999053030298 0.9167036576704546
3 0.31430516098484856 0.9000577059659091 0.318744081439394 0.6980868252840909 0.35425544507575757 0.6803311434659091 0.3557350852272727 0.6514781605113636 0.3956853693181819 0.6536976207386364 0.3942057291666666 0.6747824928977273 0.4178799715909091 0.701416015625 0.43859493371212116 0.9044966264204546
3 0.445993134469697 0.9033868963068181 0.43859493371212116 0.713623046875 0.456350615530303 0.6736727627840909 0.4696673768939394 0.6559170809659091 0.5066583806818181 0.6570268110795454 0.5110973011363636 0.6925381747159091 0.5421697443181819 0.7080743963068181 0.554006865530303 0.9011674360795454
3 0.5466086647727273 0.7180619673295454 0.5762014678030304 0.6692338423295454 0.5806403882575758 0.640380859375 0.6324277935606061 0.6426003196022727 0.6324277935606061 0.6659046519886364 0.6590613162878788 0.7269398082386364 0.6561020359848485 0.8823020241477273 0.5614050662878788 0.8956187855113636 0.5628847064393939 0.725830078125
3 0.6990116003787877 0.6426003196022727 0.6990116003787877 0.664794921875 0.6664595170454545 0.725830078125 0.6605409564393939 0.8878506747159091 0.7478397253787877 0.8878506747159091 0.7729936079545453 0.7180619673295454 0.7389618844696969 0.6714533025568181 0.7404415246212119 0.6392711292613636
3 0.7759528882575756 0.8745339133522727 0.7759528882575756 0.7280495383522727 0.8129438920454545 0.6980868252840909 0.8070253314393939 0.6703435724431818 0.8395774147727272 0.6736727627840909 0.8454959753787877 0.7191716974431818 0.8750887784090908 0.774658203125 0.8824869791666666 0.8778631036931818
3 0.005060369318181805 0.5737970525568181 0.0 0.49572278307629875 0.005060369318181805 0.4139959161931818 0.01985677083333326 0.40622780539772724 0.02577533143939396 0.36072887073863635 0.06276633522727271 0.36072887073863635 0.07164417613636369 0.40067915482954547 0.09235913825757576 0.4173251065340909 0.09235913825757576 0.5749067826704546
3 0.09531841856060604 0.5726873224431818 0.07756273674242424 0.41954456676136365 0.10715553977272729 0.4028986150568182 0.10863517992424243 0.3662775213068182 0.1559836647727273 0.36405806107954547 0.16486150568181812 0.4051180752840909 0.18853574810606064 0.420654296875 0.20629142992424243 0.5715775923295454
3 0.20629142992424243 0.5749067826704546 0.1988932291666666 0.4273126775568182 0.2270063920454545 0.4106667258522727 0.2270063920454545 0.36072887073863635 0.269915956439394 0.35518022017045453 0.2713955965909091 0.4051180752840909 0.31430516098484856 0.4228737571022727 0.31430516098484856 0.5737970525568181
3 0.32466264204545453 0.5737970525568181 0.31726444128787884 0.41177645596590906 0.34093868371212116 0.3862526633522727 0.34093868371212116 0.359619140625 0.388287168560606 0.359619140625 0.4001242897727273 0.3984596946022727 0.4282374526515152 0.420654296875 0.42675781249999994 0.5693581321022727
3 0.4326763731060606 0.5704678622159091 0.42971709280303033 0.39513050426136365 0.47558593749999994 0.35850941051136365 0.46078953598484856 0.32632723721590906 0.5140565814393939 0.32743696732954547 0.5155362215909091 0.36405806107954547 0.5510475852272727 0.3929110440340909 0.5525272253787878 0.5660289417613636
3 0.5451290246212122 0.5615900213068181 0.5569661458333333 0.3929110440340909 0.5850793087121212 0.3618386008522727 0.5998757102272727 0.33076615767045453 0.6398259943181819 0.33076615767045453 0.641305634469697 0.37515536221590906 0.6782966382575758 0.408447265625 0.6738577178030303 0.5715775923295454
3 0.6827355587121211 0.5660289417613636 0.6827355587121211 0.39402077414772724 0.7093690814393939 0.3662775213068182 0.7138080018939394 0.335205078125 0.7581972064393939 0.335205078125 0.770034327651515 0.37626509232954547 0.7981474905303031 0.39734996448863635 0.7922289299242422 0.5638094815340909
3 0.7981474905303031 0.5593705610795454 0.8025864109848483 0.3862526633522727 0.818862452651515 0.3684969815340909 0.8218217329545453 0.33409534801136365 0.8750887784090908 0.335205078125 0.8706498579545453 0.3773748224431818 0.9106001420454545 0.39513050426136365 0.8928444602272728 0.5626997514204546
3 0.05536813446969702 0.21202503551136362 0.052408854166666595 0.09217418323863637 0.07312381628787883 0.06886985085227273 0.08052201704545452 0.018931995738636367 0.11455374053030298 0.02670010653409091 0.1249112215909091 0.07441850142045454 0.1456261837121212 0.09883256392045454 0.1456261837121212 0.20869584517045453
3 0.05092921401515146 0.20536665482954544 0.04796993371212118 0.10882013494318182 0.015417850378787845 0.025590376420454548 2.3129646346357427e-18 0.023663145123106067 2.5679065925163143e-34 0.023663145123106178 0.005060369318181805 0.21091530539772727
3 0.1604225852272727 0.20536665482954544 0.16338186553030298 0.06443093039772728 0.17965790719696964 0.06554066051136365 0.1870561079545455 0.02004172585227273 0.21812855113636367 0.02004172585227273 0.2432824337121212 0.07663796164772728 0.26399739583333326 0.21202503551136362
3 0.2935901988636363 0.20536665482954544 0.290630918560606 0.14766068892045453 0.2965494791666666 0.08107688210227273 0.299508759469697 0.07219904119318182 0.30542732007575757 0.023370916193181823 0.35721472537878785 0.02780983664772728 0.3601740056818181 0.07330877130681819 0.38088896780303033 0.09217418323863637 0.3690518465909091 0.2186834161931818
3 0.4045632102272727 0.2153542258522727 0.39864464962121215 0.08773526278409091 0.42231889204545453 0.07219904119318182 0.4178799715909091 0.034468217329545456 0.4741062973484848 0.02670010653409091 0.4696673768939394 0.08107688210227273 0.4918619791666666 0.091064453125 0.494821259469697 0.22090287642045453
3 0.4977805397727273 0.22090287642045453 0.5125769412878788 0.091064453125 0.5406901041666666 0.06776012073863637 0.5288529829545455 0.034468217329545456 0.5762014678030304 0.02780983664772728 0.5658439867424242 0.08329634232954546 0.5909978693181819 0.09439364346590909 0.5998757102272727 0.2220126065340909
3 0.6191110321969696 0.22090287642045453 0.6176313920454545 0.09883256392045454 0.6590613162878788 0.08107688210227273 0.6442649147727273 0.03224875710227273 0.6842151988636364 0.033358487215909095 0.6782966382575758 0.08551580255681819 0.6960523200757575 0.09994229403409091 0.7004912405303031 0.22645152698863635 0.6339074337121212 0.2220126065340909
3 0.8173828125 0.2308904474431818 0.8085049715909088 0.11769797585227273 0.8262606534090908 0.10438121448863637 0.8159031723484848 0.07552823153409091 0.8691702178030303 0.06997958096590909 0.8691702178030303 0.11769797585227273 0.8869258996212119 0.13212446732954544 0.8810073390151514 0.21757368607954544
