3 0.14710582386363638 0.43175159801136365 0.14562618371212124 0.322998046875 0.16930042613636362 0.3052423650568182 0.16190222537878793 0.2675115411931818 0.19593394886363638 0.26973100142045453 0.20777107007575765 0.3163396661931818 0.23292495265151514 0.3440829190340909 0.22848603219696972 0.42509321732954547
3 0.2373638731060607 0.42842240767045453 0.31430516098484845 0.4295321377840909 0.30246803977272735 0.3163396661931818 0.2847123579545454 0.27195046164772724 0.24476207386363638 0.2686212713068182 0.22848603219696972 0.3196688565340909
3 0.32318300189393945 0.432861328125 0.39716500946969696 0.4350807883522727 0.39716500946969696 0.32632723721590906 0.36757220643939403 0.3008034446022727 0.37645004734848486 0.2708407315340909 0.32318300189393945 0.2675115411931818 0.31874408143939403 0.310791015625 0.30986624053030304 0.3252175071022727
3 0.40752249053030304 0.4350807883522727 0.4933416193181818 0.4350807883522727 0.4755859375 0.32188831676136365 0.4681877367424243 0.30191317471590906 0.4726266571969697 0.2686212713068182 0.4223188920454546 0.2686212713068182 0.4104817708333333 0.322998046875 0.4016039299242425 0.3374245383522727
3 0.5110973011363636 0.432861328125 0.5066583806818182 0.3174493963068182 0.5199751420454546 0.30635209517045453 0.5214547821969697 0.2686212713068182 0.5717625473484849 0.2686212713068182 0.5688032670454546 0.31412020596590906 0.5806403882575758 0.3252175071022727 0.5806403882575758 0.43064186789772724
3 0.5969164299242425 0.4295321377840909 0.6620205965909092 0.43397105823863635 0.6782966382575758 0.322998046875 0.6590613162878788 0.3074618252840909 0.6575816761363636 0.26973100142045453 0.6087535511363636 0.2641823508522727 0.593957149621212 0.31522993607954547 0.5895182291666666 0.44062943892045453
3 0.6797762784090909 0.41954456676136365 0.7034505208333334 0.30635209517045453 0.7226858428030303 0.2797185724431818 0.7522786458333334 0.27860884232954547 0.7522786458333334 0.30635209517045453 0.758197206439394 0.41843483664772724 0.7552379261363636 0.4295321377840909 0.6886541193181818 0.43064186789772724
3 0.7833510890151515 0.43175159801136365 0.7996271306818182 0.3773748224431818 0.7951882102272728 0.32632723721590906 0.8011067708333334 0.27749911221590906 0.8543738162878789 0.27527965198863635 0.8602923768939394 0.43064186789772724
3 0.8913648200757575 0.4295321377840909 0.8943241003787877 0.2763893821022727 0.9446318655303031 0.274169921875 0.9579486268939394 0.43397105823863635
3 0.9964192708333334 0.4295321377840909 0.9757043087121211 0.43175159801136365 0.9712653882575758 0.2763893821022727 0.9964192708333334 0.27527965198863635
3 0.6220703125 0.17096502130681818 0.6146721117424243 0.07996715198863637 0.6339074337121212 0.06110174005681819 0.6294685132575758 0.005615234375000003 0.6812559185606061 0.007834694602272731 0.6812559185606061 0.06554066051136365 0.7004912405303031 0.08773526278409091 0.7064098011363636 0.1731844815340909
3 0.7108487215909092 0.17540394176136362 0.7123283617424243 0.06997958096590909 0.7241654829545454 0.06110174005681819 0.7212062026515151 0.007834694602272731 0.7818714488636364 0.014493075284090912 0.7818714488636364 0.08773526278409091 0.807025331439394 0.12324662642045454 0.8040660511363636 0.1665261008522727 0.7226858428030303 0.1665261008522727
3 0.796667850378788 0.15653852982954544 0.7937085700757577 0.04001686789772728 0.8099846117424243 0.017822265625000003 0.8037311852073366 0.0 0.8543738162878789 0.005615234375000003 0.8543738162878789 0.03779740767045455 0.8632516571969697 0.06886985085227273 0.8617720170454545 0.16874556107954544 0.8114642518939394 0.164306640625
3 0.883966619318182 0.16319691051136362 0.8869258996212123 0.018931995738636367 0.9061612215909092 0.0011763139204545485 0.9771839488636364 0.0067249644886363666 0.9697857481060606 0.1665261008522727
3 0.17078006628787876 0.713623046875 0.17225970643939403 0.5893332741477273 0.18705610795454541 0.554931640625 0.19001538825757583 0.5194202769886364 0.2373638731060607 0.5172008167613636 0.2373638731060607 0.5626997514204546 0.2551195549242425 0.5948819247159091 0.26103811553030304 0.7102938565340909
3 0.2565991950757576 0.7102938565340909 0.25363991477272735 0.5804554332386364 0.289151278409091 0.5538219105113636 0.27435487689393945 0.5205300071022727 0.31874408143939403 0.5205300071022727 0.32318300189393945 0.5538219105113636 0.3498165246212121 0.5871138139204546 0.3601740056818182 0.713623046875
3 0.3734907670454546 0.7147327769886364 0.3646129261363636 0.5826748934659091 0.3942057291666667 0.5593705610795454 0.38976680871212127 0.5194202769886364 0.41492069128787873 0.5194202769886364 0.41640033143939403 0.579345703125 0.4548709753787879 0.6104181463068181 0.46374881628787873 0.7202814275568181
3 0.46078953598484845 0.713623046875 0.45635061553030304 0.591552734375 0.47706557765151514 0.5560413707386364 0.47706557765151514 0.5294078480113636 0.5244140625 0.5260786576704546 0.5244140625 0.5626997514204546 0.5540068655303031 0.6126376065340909 0.5480883049242425 0.7147327769886364
3 0.552527225378788 0.7158425071022727 0.5540068655303031 0.5860040838068181 0.5895182291666666 0.5638094815340909 0.5850793087121212 0.5371759588068181 0.6383463541666666 0.5382856889204546 0.6353870738636364 0.5749067826704546 0.6575816761363636 0.5971013849431818 0.6383463541666666 0.7180619673295454
3 0.6472241950757577 0.7036354758522727 0.6546223958333334 0.542724609375 0.6738577178030303 0.5382856889204546 0.6738577178030303 0.5271883877840909 0.7108487215909092 0.5271883877840909 0.7123283617424243 0.5682484019886364 0.7330433238636364 0.5760165127840909 0.7360026041666666 0.7080743963068181
3 0.7670750473484849 0.7202814275568181 0.7567175662878788 0.579345703125 0.7863103693181818 0.567138671875 0.7951882102272728 0.5294078480113636 0.835138494318182 0.5294078480113636 0.8425366950757575 0.5704678622159091 0.8706498579545455 0.591552734375 0.8617720170454545 0.725830078125
3 0.8721294981060606 0.7191716974431818 0.8676905776515152 0.5760165127840909 0.8972833806818183 0.5693581321022727 0.8958037405303031 0.5316273082386364 0.9446318655303031 0.530517578125 0.9461115056818183 0.5848943536931818 0.9771839488636364 0.5926624644886364 0.9653468276515152 0.7225008877840909
3 0.34389796401515155 0.9899458451704546 0.35129616477272735 0.8778631036931818 0.3646129261363636 0.8412420099431818 0.3616536458333333 0.8090598366477273 0.4060428503787879 0.811279296875 0.4060428503787879 0.8445712002840909 0.42823745265151514 0.8589976917613636 0.4430338541666667 0.9888361150568181
3 0.5470842633928571 0.9965645926339286 0.5470842633928571 0.8744942801339286 0.5621977306547619 0.8492082868303572 0.5575474330357143 0.8064836774553572 0.584286644345238 0.8064836774553572 0.5900995163690476 0.8457205636160714 0.60986328125 0.8736223493303572 0.6168387276785713 0.9268101283482143 0.6238141741071428 0.9878452845982143
3 0.6307896205357143 0.9922049386160714 0.6261393229166666 0.8718784877232143 0.6470656622023809 0.8526960100446429 0.6400902157738094 0.8099714006696429 0.6749674479166666 0.8073556082589286 0.6784551711309522 0.8474644252232143 0.7121698288690476 0.8945486886160714 0.7051943824404762 0.9948207310267857
3 0.7249581473214285 0.9878452845982143 0.7237955729166666 0.8483363560267857 0.7458844866071428 0.8378731863839286 0.7389090401785713 0.8047398158482143 0.7865745907738094 0.8090994698660714 0.7877371651785713 0.8457205636160714 0.8005254836309522 0.8640311104910714 0.8086635044642856 0.9983084542410714
3 0.8214518229166665 0.9930768694196429 0.8202892485119047 0.8579275948660714 0.8458658854166665 0.8308977399553572 0.8447033110119047 0.8012520926339286 0.890043712797619 0.8056117466517857 0.8935314360119047 0.8431047712053572 0.9063197544642856 0.8640311104910714 0.9086449032738094 0.9922049386160714
3 0.9307338169642856 0.9930768694196429 0.9167829241071428 0.8492082868303572 0.9458472842261904 0.8413609095982143 0.9458472842261904 0.8125871930803572 0.9923502604166665 0.8125871930803572 0.9935128348214285 0.9991803850446429
