3 0.02577533143939396 0.200927734375 0.024295691287878823 0.11769797585227273 0.030214251893939448 0.10992986505681819 0.056847774621212155 0.103271484375 0.03909209280303035 0.012273615056818187 0.08939985795454548 0.01671253551136364 0.09531841856060612 0.10992986505681819 0.11603338068181819 0.12435635653409093 0.11899266098484855 0.21979314630681818
3 0.13230942234848486 0.21424449573863635 0.11751302083333333 0.08107688210227273 0.1426669034090909 0.066650390625 0.13230942234848486 0.0011763139204545485 0.17965790719696972 0.0011763139204545485 0.18113754734848486 0.07330877130681819 0.20333214962121207 0.09550337357954546 0.21220999053030307 0.21757368607954544
3 0.19741358901515152 0.21091530539772727 0.21073035037878793 0.07219904119318182 0.2136896306818182 0.0011763139204545485 0.2847123579545454 0.0067249644886363666 0.2965494791666667 0.2031471946022727
3 0.32318300189393945 0.20758611505681818 0.31430516098484845 0.05333362926136364 0.3468572443181818 0.02670010653409091 0.34833688446969696 6.658380681818458e-05 0.4060428503787879 0.0033957741477272764 0.4016039299242425 0.03557794744318182 0.42823745265151514 0.048894708806818184 0.4445134943181818 0.21202503551136362
3 0.06651475694444442 0.4800618489583333 0.07628038194444442 0.32218424479166663 0.12944878472222218 0.32218424479166663 0.11859809027777775 0.3775227864583333 0.13812934027777776 0.4239095052083333 0.14680989583333334 0.484130859375
3 0.0057508680555555065 0.479248046875 0.035047743055555504 0.479248046875 0.03287760416666663 0.371826171875 0.00792100694444442 0.344970703125 1.1564823173178713e-18 0.3411902225378788
3 0.15006510416666666 0.476806640625 0.16742621527777776 0.31730143229166663 0.21408420138888884 0.31730143229166663 0.22927517361111108 0.4727376302083333
3 0.24772135416666666 0.479248046875 0.2520616319444444 0.308349609375 0.30197482638888884 0.31241861979166663 0.3280164930555555 0.4727376302083333
3 0.3421223958333333 0.4751790364583333 0.3421223958333333 0.3091634114583333 0.3866102430555555 0.31486002604166663 0.39312065972222215 0.35636393229166663 0.3974609375 0.36368815104166663 0.3974609375 0.386474609375 0.3974609375 0.4043782552083333 0.4050564236111111 0.4287923177083333 0.4148220486111111 0.4483235677083333 0.4137369791666667 0.46378580729166663 0.41265190972222215 0.4776204427083333
3 0.4180772569444444 0.4751790364583333 0.4180772569444444 0.435302734375 0.43218315972222215 0.41251627604166663 0.4267578125 0.35636393229166663 0.4343532986111111 0.3409016927083333 0.4354383680555555 0.30997721354166663 0.4755859375 0.3116048177083333 0.4820963541666667 0.349853515625 0.49294704861111116 0.39542643229166663 0.4951171875 0.440185546875 0.4983723958333333 0.474365234375
3 0.5070529513888888 0.471923828125 0.5135633680555555 0.39786783854166663 0.5157335069444445 0.34659830729166663 0.5189887152777778 0.30753580729166663 0.5656467013888888 0.3116048177083333 0.5634765625 0.3457845052083333 0.5678168402777778 0.376708984375 0.5743272569444445 0.4263509114583333 0.5862630208333334 0.4751790364583333
3 0.5884331597222222 0.474365234375 0.5873480902777778 0.36368815104166663 0.5949435763888888 0.315673828125 0.6416015625 0.3164876302083333 0.6426866319444445 0.3701985677083333 0.6491970486111112 0.379150390625 0.6491970486111112 0.401123046875 0.6633029513888888 0.4702962239583333
3 0.6676432291666666 0.46866861979166663 0.6730685763888888 0.44181315104166663 0.6980251736111112 0.3994954427083333 0.6904296875 0.31486002604166663 0.7435980902777778 0.315673828125 0.7403428819444445 0.37345377604166663 0.7501085069444445 0.418212890625 0.7501085069444445 0.47111002604166663
3 0.7758129222972973 0.4729465793918919 0.7731735641891891 0.44259396114864863 0.7837309966216216 0.4346758868243243 0.7890097128378378 0.3667124155405405 0.8321192286036035 0.36539273648648646 0.8365181587837838 0.4366554054054054 0.8400373029279279 0.4564505912162162 0.8400373029279279 0.4788851351351351 0.7846107826576576 0.47426625844594594
3 0.8435564470720721 0.4709670608108108 0.841796875 0.4326963682432432 0.8620319538288288 0.4201594172297297 0.8567532376126126 0.36275337837837834 0.9033818975225225 0.36473289695945943 0.9007425394144143 0.42807749155405406 0.9077808277027026 0.4445734797297297 0.9121797578828829 0.4683277027027027
3 0.06993689903846152 0.7821702223557693 0.05491286057692313 0.6375638521634616 0.028620793269230765 0.6140887920673077 0.022360777243589796 0.5821627103365385 0.0 0.5813641111492674 0.0010767227564102793 0.7812312199519231
3 0.19012920673076925 0.7784142127403847 0.17760917467948723 0.6422588641826923 0.20014523237179485 0.6178448016826923 0.20139723557692304 0.5821627103365385 0.24521734775641027 0.5812237079326923 0.24646935096153846 0.6122107872596154 0.2690054086538462 0.6328688401442308 0.2777694310897436 0.7793532151442308
3 0.06993689903846152 0.7690241887019231 0.12001702724358972 0.7493051382211539 0.11250500801282055 0.6028207632211539 0.08120492788461542 0.5774676983173077 0.04990484775641028 0.5755896935096154 0.04865284455128208 0.6075157752403847
3 0.12627704326923075 0.7540001502403847 0.1826171875 0.7596341646634616 0.17510516826923075 0.6394418569711539 0.19764122596153846 0.6169057992788461 0.17886117788461542 0.5774676983173077 0.15006510416666666 0.5746506911057693 0.12252103365384619 0.6225398137019231
3 0.2952974759615385 0.7765362079326923 0.4067257612179487 0.7774752103365384 0.3917017227564102 0.6291128305288461 0.35914963942307687 0.5755896935096154 0.316581530448718 0.5812237079326923 0.30906951121794873 0.6253568209134616 0.2952974759615385 0.6375638521634616
3 0.40797776442307687 0.7774752103365384 0.4906099759615384 0.7718411959134616 0.5006260016025641 0.6253568209134616 0.47683794070512825 0.609393780048077 0.47433393429487175 0.5784067007211539 0.4179937900641026 0.5755896935096154 0.4104817708333334 0.621600811298077 0.4029697516025641 0.6253568209134616
3 0.511894030448718 0.7690241887019231 0.5031300080128205 0.6319298377403847 0.5181540464743589 0.6112717848557693 0.5231620592948717 0.5652606670673077 0.5519581330128205 0.5718336838942308 0.5532101362179487 0.603759765625 0.5694861778846153 0.6394418569711539 0.5719901842948717 0.762451171875
3 0.5820062099358975 0.7737192007211539 0.6446063701923077 0.774658203125 0.6458583733974359 0.6272348257211539 0.6270783253205129 0.6131497896634616 0.6283303285256411 0.5680776742788461 0.5882662259615384 0.5652606670673077 0.5882662259615384 0.5896747295673077 0.5945262419871795 0.6244178185096154 0.5757461939102565 0.640380859375
3 0.8111227964743589 0.7690241887019231 0.8950070112179486 0.7690241887019231 0.8837389823717947 0.664794921875 0.8712189503205128 0.584979717548077 0.8299028445512819 0.5821627103365385 0.8286508413461539 0.6291128305288461 0.8086187900641025 0.6901479867788461
