0 0.2693452380952381 0.22111992945326278 0.06531084656084662 0.21935626102292766
0 0.31646825396825395 0.22442680776014107 0.062003968253968256 0.20612874779541443
0 0.3805390211640212 0.22718253968253965 0.06613756613756616 0.20943562610229274
0 0.44419642857142855 0.21781305114638447 0.06779100529100533 0.21274250440917106
0 0.5107473544973544 0.22828483245149908 0.06696428571428566 0.20723104056437386
0 0.5772982804232804 0.22167107583774248 0.07275132275132268 0.20061728395061723
0 0.6446759259259258 0.2260802469135802 0.06365740740740737 0.20502645502645503
0 0.7066798941798941 0.2249779541446208 0.07192460317460317 0.20282186948853614
0 0.7385085978835978 0.4663800705467372 0.07275132275132268 0.13227513227513227
0 0.7922453703703703 0.47134038800705463 0.07275132275132279 0.1377865961199294
0 0.7467757936507936 0.6708553791887125 0.07936507936507936 0.15542328042328044
0 0.8083664021164021 0.6697530864197531 0.07853835978835975 0.15101410934744264
0 0.6773313492063492 0.4812610229276896 0.0744047619047619 0.1421957671957672
0 0.6256613756613756 0.4636243386243386 0.042162698412698416 0.11133156966490303
0 0.5843253968253969 0.4718915343915344 0.05042989417989422 0.12786596119929455
0 0.5243882275132276 0.4829144620811287 0.0628306878306878 0.1455026455026455
0 0.45783730158730157 0.4845679012345679 0.0653108465608466 0.144400352733686
0 0.39376653439153436 0.4878747795414462 0.07605820105820107 0.15101410934744264
0 0.3263888888888889 0.48952821869488533 0.04877645502645499 0.1388888888888889
0 0.27141203703703703 0.5 0.05456349206349209 0.1421957671957672
0 0.4284887566137566 0.6906966490299823 0.05621693121693129 0.15542328042328044
0 0.4822255291005291 0.6890432098765433 0.047949735449735485 0.15652557319223992
0 0.5334821428571429 0.6857363315696648 0.05291005291005289 0.1477072310405644
1 0.3177083333333333 0.6967592592592593 0.057870370370370405 0.15211640211640212
1 0.26438492063492064 0.6708553791887125 0.05208333333333336 0.11133156966490303
1 0.21023478835978832 0.711089065255732 0.0611772486772487 0.1521164021164022
1 0.1589781746031746 0.7092633928571429 0.07517981150793651 0.15397652116402116
1 0.1109250992063492 0.7144303902116402 0.08293030753968254 0.1457093253968254
1 0.056671626984126984 0.7113301917989417 0.09688120039682539 0.16637731481481483
1 0.0987470605526161 0.48040368410738776 0.0992063492063492 0.19167646482461295
1 0.05697593242005387 0.4746419969557351 0.06333355550086817 0.17870444426215312
1 0.15912236987818382 0.47296050203026946 0.0830564784053156 0.17380337147779004
1 0.21593530823181986 0.47834379229728063 0.0744047619047619 0.1922603666789713
1 0.0681605975723623 0.17166588857765328 0.11160714285714285 0.2752489884842826
0 0.931109943977591 0.2266184251478369 0.07221638655462181 0.17507002801120444
0 0.7636992296918766 0.23294039838157485 0.08753501400560225 0.20133053221288513
0 0.8205969887955181 0.22807734204793026 0.08315826330532207 0.203275754746343
