1 0.025876322751322713 0.3363095238095238 0.09449404761904759 0.3230820105820105 0.06721230158730156 0.1830908289241622 0.04985119047619044 0.15222663139329803 0.03579695767195763 0.11474867724867722 0.002728174603174568 0.11364638447971778 0.0019014550264549888 0.1511243386243386 0.0019014550264549888 0.19631834215167543
1 0.04819775132275128 0.5710978835978836 0.1011078042328042 0.5534611992945325 0.07299933862433858 0.4200837742504409 0.05398478835978833 0.39473104056437386 0.02256944444444441 0.392526455026455 0.02256944444444441 0.4200837742504409 0.024222883597883566 0.45645943562610225
1 0.1016378773731715 0.5764342774146696 0.15610410830999066 0.5673565722585331 0.1322751322751323 0.4376750700280112 0.12157640834111422 0.4201680672268907 0.10844615624027389 0.4046062869592281 0.08996654217242453 0.40525469447038076 0.08607609710550887 0.44804959020645296 0.07829520697167756 0.4590725178960473
1 0.1497821350762527 0.5816215375038905 0.20473467164643636 0.5751374623923644 0.18917289137877374 0.45518207282913165 0.1658302209772798 0.4305425874053325 0.16388499844382196 0.4143323996265173 0.1454053843759726 0.41368399211536466 0.14151493930905695 0.4344330324722482 0.13276143790849673 0.44934640522875813
1 0.20619358854652972 0.5744890548812117 0.2562830687830688 0.5764342774146696 0.24169389978213507 0.4577757028737421 0.22613211951447246 0.4389718850503164 0.21835122938064114 0.41822284469343296 0.19792639277933394 0.41822284469343296 0.1974400871459695 0.4389718850503164 0.191604419545596 0.4506432202510634 0.191604419545596 0.46555659300757335
1 0.25822829131652664 0.582269945015043 0.2951875194522253 0.5848635750596535 0.2898381574852163 0.45258844278452115 0.2776805166511049 0.43572984749455335 0.2757352941176471 0.424706919804959 0.2523926237161531 0.4221132897603486 0.2519063180827887 0.44156551509492686 0.24509803921568626 0.45518207282913165
1 0.30102318705259884 0.6036673928830791 0.34479069405539997 0.6030189853719266 0.3443043884220355 0.47593111318601516 0.3277699968876439 0.45518207282913165 0.32193432928727045 0.43832347753916384 0.3049136321195145 0.43508143998340076 0.3015094926859633 0.46490818549642077 0.2908107687519452 0.4739858906525573
1 0.3467359165888578 0.6082062454611474 0.38953081232493 0.605612615416537 0.38953081232493 0.4850088183421517 0.3798046996576408 0.4687986305633364 0.3754279489573607 0.43832347753916384 0.35500311235605353 0.43702666251685857 0.35257158418923124 0.4675018155410312 0.3399276377217553 0.47593111318601516
1 0.3900171179582944 0.6101514679946052 0.4352435418611889 0.6166355431061313 0.439620292561469 0.4876024483867621 0.42697634609399315 0.47009544558564165 0.42697634609399315 0.45258844278452115 0.4080104263927793 0.4461043676729951 0.40509259259259256 0.47722792820832033 0.3958527855586679 0.48630563336445687
1 0.1488095238095238 0.3436559809108829 0.2052209772798008 0.34300757339973026 0.1872276688453159 0.2048967735242245 0.17069327731092437 0.17960888058927274 0.1658302209772798 0.1335719472974375 0.14491907874260815 0.12968150223052183 0.14248755057578585 0.17636684303350972 0.1322751322751323 0.21591970121381884
1 0.2110566448801743 0.3553273161116298 0.2557967631497043 0.3520852785558668 0.24801587301587302 0.1971158833903932 0.23196778711484592 0.1770152505446623 0.23099517584811702 0.13940761489781098 0.20570728291316526 0.13746239236435315 0.20181683784624962 0.184147733167341 0.18917289137877374 0.21332607116920843
1 0.31512605042016806 0.35792094615624026 0.3088040771864301 0.20749040356883497 0.3229069405539994 0.18868658574540928 0.3209617180205415 0.14329805996472664 0.3394413320883909 0.1400560224089636 0.3472222222222222 0.18674136321195145 0.3588935574229692 0.2113808486357506 0.3676470588235294 0.3657018362900715
1 0.112822906940554 0.7787374208942837 0.09337068160597571 0.671750181554103 0.10455571117335823 0.6587820313310508 0.09677482103952692 0.6380329909741674 0.11525443510737628 0.6334941383960992 0.12206271397447867 0.6471106961303039 0.13811079987550576 0.6490559186637618 0.15999455337690632 0.7826278659611993
1 0.1794467787114846 0.7923539786284884 0.21786492374727667 0.7968928312065567 0.20473467164643636 0.6749922191098662 0.1984126984126984 0.6568368087975931 0.18868658574540928 0.6458138811079988 0.1872276688453159 0.6380329909741674 0.17166588857765328 0.6380329909741674 0.16728913787737318 0.6484075111526092 0.16777544351073764 0.6639692914202718 0.1614534702769997 0.6762890341321713 0.1633986928104575 0.6924992219109866 0.1658302209772798 0.7424266002697375 0.16534391534391532 0.7690113082269945 0.17555633364456893 0.7878151260504203
1 0.2300225645813881 0.7962444236954042 0.20667989417989419 0.6795310716879345 0.22029645191409897 0.6743438115987136 0.21397447868036104 0.6542431787529827 0.23828976034858387 0.650352733686067 0.23926237161531277 0.6698049590206453 0.24898848428260192 0.6749922191098662 0.254337846249611 0.6801794791990871 0.2694133208839091 0.8014316837846249
1 0.2752489884842826 0.8118062039630667 0.31123560535325245 0.8124546114742194 0.3063725490196078 0.7022253345782757 0.2947012138188609 0.6892571843552237 0.2878929349517585 0.665266106442577 0.2660091814503579 0.6711017740429505 0.2660091814503579 0.6924992219109866 0.26114612511671337 0.7080610021786492 0.2679544039838157 0.8085641664073037
1 0.3190164954870837 0.8111577964519141 0.3058862433862434 0.7125998547567175 0.3180438842203548 0.6905539993775287 0.31512605042016806 0.6736954040875609 0.3272836912542795 0.6698049590206453 0.3399276377217553 0.6937960369332918 0.3467359165888578 0.6963896669779023 0.3593798630563336 0.8208839091192033
1 0.36132508558979143 0.813103018985372 0.39439386865857456 0.8150482415188297 0.39147603485838783 0.7119514472455649 0.38272253345782753 0.69833488951136 0.3812636165577342 0.6827731092436974 0.360838779956427 0.6801794791990871 0.36278400248988485 0.7067641871563439 0.35548941798941797 0.7151934848013278
1 0.4114145658263305 0.7761437908496732 0.4454559601618425 0.7767921983608258 0.4498327108621226 0.6756406266210188 0.4138460939931528 0.6730469965764083
1 0.4474011826953004 0.8312584292976449 0.44837379396202925 0.7087094096898018 0.4610177404295051 0.69833488951136 0.46393557422969184 0.6814762942213922 0.48192888266417677 0.6866635543106131 0.48338779956427014 0.7061157796451915 0.49019607843137253 0.7145450772901752 0.4945728291316526 0.7904087560950306 0.4872782446311858 0.8448749870318498
0 0.46868640618640617 0.40191290191290185 0.476953601953602 0.2704856871523538 0.49285205535205534 0.25522317188983856 0.4922161172161172 0.23487315153981822 0.5214692714692715 0.234025234025234 0.5151098901098901 0.2798127798127798 0.5132020757020757 0.40700040700040696
0 0.5093864468864469 0.40700040700040696 0.5201973951973952 0.2798127798127798 0.5392755392755392 0.2611585944919278 0.5399114774114774 0.23232939899606567 0.5608974358974359 0.23232939899606567 0.561533374033374 0.2704856871523538 0.5685286935286935 0.2849002849002849 0.5602614977614977 0.4214150047483381
0 0.5685286935286935 0.416327499660833 0.613044363044363 0.4231108397775064 0.627035002035002 0.28913987247320583 0.6174959299959301 0.26963776963776964 0.6174959299959301 0.24928774928774927 0.5965099715099715 0.24250440917107582 0.5863349613349613 0.2704856871523538 0.5742521367521367 0.2798127798127798
0 0.6194037444037445 0.4188712522045855 0.669006919006919 0.43159001492334825 0.6874491249491249 0.2874440374440374 0.6823616198616198 0.2789648622981956 0.6823616198616198 0.2543752543752544 0.6473850223850224 0.2518315018315018 0.645477207977208 0.2755731922398589 0.6372100122100122 0.28235653235653235
0 0.6753663003663003 0.4239587572920906 0.729421041921042 0.43498168498168494 0.7504070004070004 0.3111857278523945 0.7459554334554335 0.29507529507529506 0.7453194953194953 0.2662460995794329 0.720517908017908 0.25861484194817524 0.7173382173382173 0.2942273775607109 0.6969881969881969 0.29507529507529506
0 0.7421398046398047 0.4409171075837742 0.762489824989825 0.2933794600461267 0.7764804639804639 0.28235653235653235 0.7796601546601547 0.26031067697734367 0.8101851851851851 0.2662460995794329 0.8089133089133089 0.29677113010446343 0.8171805046805047 0.32220865554198885 0.7923789173789174 0.444308777642111
0 0.795558608058608 0.4426129426129426 0.8216320716320716 0.3001628001628001 0.8400742775742774 0.28913987247320583 0.8413461538461539 0.26455026455026454 0.8763227513227513 0.2721815221815222 0.8731430606430606 0.31712115045448375 0.8782305657305658 0.34001492334825667 0.8496133496133496 0.4553317053317053
0 0.8578805453805454 0.449396282729616 0.9062118437118437 0.46041921041921036 0.9202024827024827 0.39343372676706007 0.9208384208384208 0.2798127798127798 0.9119352869352869 0.2789648622981956 0.8973087098087098 0.2984669651336318 0.8801383801383802 0.317969067969068
0 0.4610551485551485 0.1127730294396961 0.4705942205942206 0.0008479175145841812 0.538003663003663 0.0025437525437525437 0.5399114774114774 0.11531678198344865
0 0.44134106634106635 0.6096526929860263 0.45088013838013835 0.49772758106091436 0.49285205535205534 0.49603174603174605 0.48394892144892143 0.6121964455297788
0 0.4852207977207977 0.6274589607922941 0.49475986975986974 0.49857549857549854 0.538003663003663 0.5095984262650929 0.5265567765567765 0.62661104327771
0 0.5329161579161579 0.6274589607922941 0.5856990231990232 0.6325464658797991 0.5971459096459096 0.5070546737213404 0.5462708587708588 0.5019671686338353
0 0.6022334147334146 0.641025641025641 0.6512006512006512 0.6528964862298196 0.6651912901912901 0.5138380138380139 0.6149521774521773 0.5062067562067561
0 0.6607397232397232 0.6520485687152354 0.7033475783475783 0.6503527336860669 0.7338726088726089 0.5274046940713607 0.6779100529100528 0.5163817663817664
0 0.7109788359788359 0.6435693935693936 0.7542226292226293 0.6503527336860669 0.7802960927960928 0.5409713743047077 0.7376882376882377 0.5307963641296974
0 0.7593101343101343 0.6350902184235517 0.7987382987382987 0.6461131461131461 0.8248117623117622 0.5401234567901234 0.786019536019536 0.5282526115859449
0 0.8120929995929995 0.6749423416090082 0.851521164021164 0.6825735992402658 0.8858618233618233 0.5808234974901642 0.8820461945461945 0.5367317867317868 0.833078958078958 0.5392755392755393 0.8318070818070818 0.5528422195088862 0.8031898656898657 0.6495048161714828
0 0.9081196581196581 0.6698548365215032 0.8661477411477412 0.6588319088319088 0.8928571428571429 0.5867589200922534 0.8992165242165242 0.551994301994302 0.9219104308390021 0.5423280423280422 0.9346655328798185 0.5442176870748299 0.9353741496598639 0.5697278911564625 0.9318310657596371 0.6037414965986394
0 0.9073890358612582 0.45774544385655497 0.9698522927689595 0.28505291005291006 0.9974096119929453 0.2924015285126396 0.9964910346854792 0.35241524593376444 0.9909795708406819 0.38425925925925924 0.963422251616696 0.4687683715461493
0 0.91657480893592 0.6671810699588477 0.9496435920047033 0.5618508720360572 0.9661779835390947 0.5557270233196159 0.9726080246913581 0.5434793258867333 0.9992467666078776 0.5532774838330394 0.9937353027630805 0.5777728786988047 0.9955724573780128 0.5961444248481286 0.9698522927689595 0.6880021555947481 0.9285163139329807 0.6708553791887125
0 0.5424633237133237 0.8407086740420074 0.5544883357383357 0.717452300785634 0.5785383597883598 0.7094356261022928 0.5755321067821068 0.6954064454064455 0.5950727513227514 0.6974106140772808 0.5950727513227514 0.7184543851210518 0.6025883838383838 0.7274731441398108 0.5950727513227514 0.8547378547378547
0 0.5950727513227514 0.8507295173961841 0.6424212361712363 0.8517316017316017 0.659707190957191 0.7405002405002405 0.6431727994227995 0.705427288760622 0.6326509139009139 0.7034231200897867 0.6258868446368446 0.7034231200897867 0.6116071428571429 0.7304793971460638 0.6078493265993267 0.7314814814814815 0.6063462000962001 0.7886002886002885 0.6055946368446369 0.8106461439794773 0.6033399470899471 0.8587461920795254
0 0.6431727994227995 0.8457190957190958 0.656700937950938 0.7304793971460638 0.671732202982203 0.7244668911335579 0.6792478354978355 0.7114397947731281 0.7002916065416065 0.7104377104377104 0.6980369167869168 0.7344877344877344 0.7032978595478595 0.7384960718294051 0.6882665945165944 0.8587461920795254
0 0.6845087782587783 0.865760782427449 0.7280994468494468 0.868767035433702 0.7371182058682059 0.8457190957190958 0.7634229196729196 0.7805836139169473 0.7731932419432419 0.7445085778419112 0.758161976911977 0.7244668911335579 0.7213353775853776 0.7224627224627224 0.7175775613275613 0.7334856501523168
0 0.8445917508417509 0.8868045534712201 0.8671386483886484 0.8958233124899792 0.8949464886964887 0.8988295654962322 0.9430465367965368 0.7865961199294532 0.934779341029341 0.7635481802148469 0.9400402837902837 0.7515231681898348 0.9197480759980761 0.7384960718294051 0.907723063973064 0.7595398428731762 0.8866792929292929 0.7595398428731762
0 0.9122324434824435 0.8878066378066377 0.9250090187590188 0.8948212281545616 0.9603324915824916 0.8968253968253969 0.9806246993746994 0.8367003367003366 0.9956559644059644 0.790604457271124 0.9971590909090909 0.7625460958794292 0.9813762626262627 0.7525252525252525 0.9663449975949976 0.7565335898669233 0.9498106060606061 0.7745711079044413
