0 0.16843377976190477 0.5139508928571428 0.15913318452380953 0.4428013392857143 0.16750372023809523 0.4365234375 0.16750372023809523 0.41629464285714285 0.1898251488095238 0.41768973214285715 0.19168526785714288 0.4330357142857143 0.21121651785714288 0.44419642857142855 0.21493675595238093 0.5118582589285714
0 0.21772693452380953 0.5132533482142857 0.27446056547619047 0.5132533482142857 0.26702008928571425 0.44070870535714285 0.2512090773809524 0.4302455357142857 0.24655877976190474 0.4190848214285714 0.2214471726190476 0.4204799107142857 0.21865699404761907 0.43722098214285715 0.21028645833333334 0.45186941964285715
0 0.2856212797619047 0.5083705357142857 0.3386346726190476 0.5111607142857143 0.3191034226190476 0.44419642857142855 0.31073288690476186 0.4330357142857143 0.3098028273809524 0.41768973214285715 0.28376116071428575 0.4204799107142857 0.27353050595238093 0.43931361607142855 0.27167038690476186 0.45396205357142855
0 0.3414248511904762 0.5146484375 0.392578125 0.5132533482142857 0.3767671130952381 0.4497767857142857 0.3637462797619047 0.43094308035714285 0.36188616071428575 0.42257254464285715 0.33956473214285715 0.42257254464285715 0.33305431547619047 0.4448939732142857 0.33026413690476186 0.45186941964285715
0 0.392578125 0.5111607142857143 0.4446614583333333 0.5146484375 0.4409412202380952 0.44698660714285715 0.42699032738095233 0.4365234375 0.42699032738095233 0.42745535714285715 0.3962983630952381 0.42257254464285715 0.39071800595238093 0.4434988839285714 0.3795572916666667 0.4462890625
0 0.4483816964285714 0.5104631696428571 0.44001116071428564 0.4428013392857143 0.4604724702380952 0.4330357142857143 0.4548921130952381 0.41978236607142855 0.4781436011904762 0.41978236607142855 0.4837239583333333 0.4379185267857143 0.492094494047619 0.4448939732142857 0.49860491071428564 0.5153459821428571
0 0.41117931547619047 0.7811104910714285 0.41024925595238093 0.7015904017857143 0.39536830357142855 0.6904296875 0.394438244047619 0.6799665178571428 0.37862723214285715 0.6820591517857143 0.36932663690476186 0.7001953125 0.3628162202380952 0.7078683035714285 0.36746651785714285 0.7818080357142857
0 0.314453125 0.7859933035714285 0.36932663690476186 0.7866908482142857 0.353515625 0.7043805803571428 0.33677455357142855 0.6918247767857143 0.33584449404761907 0.6813616071428571 0.3116629464285714 0.6813616071428571 0.314453125 0.6946149553571428 0.3051525297619047 0.7085658482142857
0 0.2632998511904762 0.7839006696428571 0.3070126488095238 0.7845982142857142 0.29771205357142855 0.6925223214285714 0.2846912202380952 0.6848493303571428 0.28376116071428575 0.6785714285714285 0.2530691964285714 0.6771763392857143 0.2623697916666667 0.6939174107142857 0.24655877976190474 0.6974051339285714
0 0.2056361607142857 0.7845982142857142 0.2586495535714286 0.7748325892857142 0.24283854166666666 0.6946149553571428 0.2316778273809524 0.6869419642857143 0.22516741071428573 0.6799665178571428 0.2093563988095238 0.6771763392857143 0.20377604166666666 0.6967075892857143 0.20284598214285712 0.7029854910714285
0 0.1507626488095238 0.7790178571428571 0.19819568452380953 0.7783203125 0.1898251488095238 0.6918247767857143 0.1702938988095238 0.6820591517857143 0.16099330357142858 0.6743861607142857 0.13309151785714288 0.6792689732142857 0.13309151785714288 0.6939174107142857 0.13309151785714288 0.7022879464285714
0 0.10425967261904763 0.7804129464285714 0.1461123511904762 0.7804129464285714 0.1303013392857143 0.6981026785714285 0.12007068452380953 0.6890345982142857 0.10518973214285716 0.6778738839285714 0.0912388392857143 0.6778738839285714 0.07821800595238097 0.6967075892857143 0.0754278273809524 0.7029854910714285
0 0.1349516369047619 0.490234375 0.12472098214285716 0.4365234375 0.138671875 0.42117745535714285 0.16285342261904764 0.41978236607142855 0.16285342261904764 0.44210379464285715 0.16285342261904764 0.4644252232142857 0.16285342261904764 0.48465401785714285
0 0.03543526785714287 0.6374162946428571 0.022414434523809534 0.5830078125 0.027994791666666685 0.5739397321428571 0.024274553571428586 0.5599888392857143 0.04938616071428573 0.55859375 0.054036458333333336 0.5669642857142857 0.06612723214285716 0.5711495535714286 0.07914806547619051 0.6381138392857143
0 0.08472842261904763 0.6374162946428571 0.0679873511904762 0.5704520089285714 0.08658854166666667 0.5676618303571428 0.0763578869047619 0.5558035714285714 0.0958891369047619 0.5565011160714286 0.10239955357142856 0.5711495535714286 0.11170014880952384 0.5732421875 0.13216145833333334 0.6395089285714285
0 0.14146205357142858 0.6402064732142857 0.1898251488095238 0.6409040178571428 0.16843377976190477 0.5725446428571428 0.1544828869047619 0.5648716517857143 0.13309151785714288 0.5592912946428571 0.12193080357142856 0.5641741071428571 0.12472098214285716 0.5913783482142857
0 0.1898251488095238 0.6409040178571428 0.2391183035714286 0.6409040178571428 0.22330729166666666 0.5767299107142857 0.21493675595238093 0.5711495535714286 0.2093563988095238 0.5599888392857143 0.1851748511904762 0.5599888392857143 0.18052455357142858 0.5844029017857143 0.18238467261904764 0.6060267857142857
0 0.23539806547619047 0.6381138392857143 0.2242373511904762 0.5857979910714285 0.2409784226190476 0.5760323660714286 0.2391183035714286 0.5641741071428571 0.2632998511904762 0.5634765625 0.2632998511904762 0.5753348214285714 0.2707403273809524 0.5816127232142857 0.2874813988095238 0.6416015625 0.24469866071428573 0.6381138392857143
1 0.5064117739898989 0.5110973011363636 0.5073982007575757 0.4252781723484848 0.5646109532828282 0.42749763257575757 0.5725023674242424 0.5199751420454545
1 0.5711677900326797 0.5179515165441176 0.6203150531045751 0.5198663449754902 0.6171236723856209 0.42843328737745096 0.5641467524509803 0.4265184589460784
1 0.6190385008169935 0.5213024662990197 0.6228681576797386 0.4427945006127451 0.6490374795751633 0.42795458026960786 0.6445695465686274 0.4198165594362745 0.6649943831699346 0.4198165594362745 0.6662709354575164 0.4298694087009804 0.6745685253267975 0.43944355085784315 0.6732919730392157 0.5179515165441176 0.6241447099673202 0.5165153952205882
1 0.6726536968954249 0.5189089307598039 0.7198861315359477 0.5203450520833334 0.7332899305555557 0.4461454503676471 0.7205244076797386 0.43130553002450983 0.7205244076797386 0.42556104473039214 0.693716809640523 0.42125268075980393 0.6924402573529412 0.43465647977941174 0.6822278390522877 0.44231579350490197
1 0.7262944240196078 0.5203067555147058 0.7747395833333334 0.5190142463235294 0.785845588235294 0.4470645680147059 0.7781862745098039 0.43844784007352944 0.7781862745098039 0.4240866268382353 0.7506127450980392 0.4222196691176471 0.7456341911764706 0.4362936580882353 0.7328048406862745 0.44404871323529416
1 0.7774203431372549 0.5187270220588236 0.7875689338235294 0.44376148897058826 0.8063342524509803 0.43126723345588236 0.8082490808823529 0.42107077205882354 0.8302696078431372 0.42121438419117646 0.830078125 0.4344267003676471 0.8409926470588235 0.4496495863970588 0.8275888480392157 0.5205939797794118
1 0.8305867513020834 0.5184173583984375 0.8819580078125 0.519561767578125 0.9007771809895834 0.4512786865234375 0.8875528971354166 0.4360198974609375 0.8916219075520834 0.4230499267578125 0.87127685546875 0.4215240478515625 0.8661905924479166 0.42266845703125 0.8626302083333334 0.4276275634765625 0.860595703125 0.435638427734375 0.8524576822916666 0.440216064453125 0.8443196614583334 0.447845458984375 0.8427937825520834 0.461578369140625 0.8412679036458334 0.481414794921875
1 0.8880615234375 0.519561767578125 0.9348551432291666 0.5191802978515625 0.9543728298611112 0.4460856119791667 0.9462348090277778 0.43523491753472227 0.9453305844907409 0.42641872829861116 0.9191080729166669 0.42641872829861116 0.9100658275462964 0.4460856119791667 0.9055447048611112 0.4555799696180556
1 0.9896375868055557 0.5227186414930556 0.997775607638889 0.4345567491319445 0.973361545138889 0.4270968967013889 0.9597981770833335 0.4528672960069445 0.9435221354166669 0.5166151258680556
1 0.5293872974537037 0.7866753472222222 0.5307436342592593 0.7025824652777778 0.5438548900462964 0.6937662760416667 0.5443070023148148 0.6825764973958334 0.5700774016203703 0.6832546657986112 0.5678168402777778 0.6974962022569444 0.5768590856481483 0.7049560546875 0.5831886574074074 0.7900661892361112 0.53662109375 0.7866753472222222
1 0.5895182291666666 0.7887098524305556 0.6324688946759259 0.7863362630208334 0.63427734375 0.7137722439236112 0.6220703125 0.699191623263889 0.6256872106481483 0.6856282552083334 0.6057942708333334 0.6852891710069444 0.594943576388889 0.6978352864583334 0.5849971064814815 0.7080078125 0.5917787905092593 0.784640842013889
1 0.6410590277777778 0.7890489366319444 0.6844618055555557 0.787353515625 0.6944082754629631 0.7046169704861112 0.6826533564814815 0.6985134548611112 0.681297019675926 0.6859673394097222 0.6604998553240741 0.6849500868055556 0.6555266203703703 0.7069905598958334 0.6419632523148149 0.7134331597222222
1 0.6889829282407409 0.787692599826389 0.7360026041666669 0.7904052734375 0.7491138599537038 0.7117377387152778 0.7400716145833335 0.7042778862847222 0.7382631655092594 0.6907145182291667 0.7138491030092594 0.6883409288194444 0.7079716435185186 0.7002088758680556 0.7016420717592594 0.7093641493055556 0.6930519386574076 0.7843017578125
1 0.740523726851852 0.7883707682291667 0.753634982638889 0.705295138888889 0.7717194733796298 0.6913926866319444 0.7735279224537038 0.6825764973958334 0.7965856481481483 0.6825764973958334 0.8020109953703706 0.6985134548611112 0.8087926793981483 0.7093641493055556 0.8106011284722223 0.726657443576389 0.802463107638889 0.7683648003472222 0.7961335358796298 0.7849799262152778 0.7970377604166669 0.793796115451389
1 0.8060800057870372 0.787692599826389 0.8571686921296298 0.7890489366319444 0.8793221932870372 0.7103814019097222 0.8684714988425927 0.7005479600694444 0.8698278356481483 0.6910536024305556 0.8544560185185186 0.686984592013889 0.8350151909722223 0.6985134548611112 0.8187391493055557 0.7110595703125
1 0.8648546006944445 0.7919514973958333 0.9209165219907409 0.7912733289930556 0.9380967881944445 0.7200656467013888 0.9263418692129631 0.7098931206597222 0.924533420138889 0.6963297526041666 0.9109700520833335 0.6922607421875 0.8937897858796298 0.6997205946180556 0.8892686631944445 0.7187093098958333 0.876609519675926 0.7356635199652778
1 0.9209165219907409 0.7912733289930556 0.974265769675926 0.7919514973958333 0.9887333622685186 0.7221001519097222 0.9842122395833335 0.7044677734375 0.9905418113425927 0.6922607421875 0.9588939525462964 0.6895480685763888 0.9552770543981483 0.701076931423611 0.948043258101852 0.7139621310763888
1 0.9638671875 0.6493326822916666 0.9823133680555555 0.6493326822916666 0.9985894097222222 0.6493326822916666 0.9996744791666666 0.6123046875 0.9790581597222222 0.5760904947916666
1 0.9139539930555555 0.6411946614583334 0.9833984375 0.6468912760416666 0.9812282986111112 0.5801595052083334 0.9541015625 0.5679524739583334 0.9356553819444445 0.569580078125 0.9324001736111112 0.5899251302083334
1 0.8534307065217391 0.6480341372282609 0.9121659873188405 0.6464419157608695 0.9263190670289855 0.5710767663043478 0.8767832880434782 0.568953804347826
1 0.8145097373188405 0.6475033967391304 0.8576766304347826 0.6490956182065217 0.8697067481884058 0.5721382472826086 0.8272475090579711 0.5684230638586957 0.8152173913043478 0.5986752717391304 0.8145097373188405 0.6406037703804347
1 0.767096920289855 0.6443189538043478 0.8010643115942028 0.6464419157608695 0.8109714673913043 0.5726689877717391 0.7798346920289855 0.5673615828804348 0.7692198822463768 0.5673615828804348
1 0.6480823863636364 0.6468014407467533 0.6954308712121212 0.6468014407467533 0.7081135010822511 0.5786323051948052 0.6954308712121212 0.5630960836038962 0.6895123106060606 0.556437702922078 0.6717566287878788 0.556437702922078 0.6599195075757576 0.5624619521103896 0.6514644209956709 0.5764128449675325
1 0.5977746212121212 0.6445819805194806 0.6472368777056277 0.6483867694805195 0.6556919642857143 0.5741933847402597 0.6434320887445887 0.5618278206168832 0.6400500541125541 0.5573889001623377 0.6239853896103896 0.555169439935065 0.609188988095238 0.5573889001623377 0.6007339015151515 0.5741933847402597
1 0.5423938041125541 0.6445819805194806 0.6015794101731602 0.6442649147727273 0.6003111471861472 0.5729251217532468 0.5901650432900433 0.5659496753246753 0.5859375 0.5567547686688312 0.5584584686147186 0.5596083603896104 0.5508488906926406 0.5713397930194806
1 0.4958908279220779 0.643947849025974 0.5368979978354979 0.6423625202922079 0.5436620670995671 0.5678520698051949 0.5322477002164502 0.5618278206168832 0.5305566829004329 0.553901176948052 0.5022321428571429 0.5548523741883117 0.5013866341991342 0.5672179383116883 0.4916632846320346 0.5710227272727273
