3 0.16620284477427336 0.709525097917955 0.19970109255823543 0.7104913935271078 0.18853500996358138 0.670873273551845 0.18338143338143337 0.6567009379509379 0.17951625094482238 0.6460716862502577 0.16276712705284133 0.645105390641105 0.16019033876176733 0.6657196969696969 0.1576135504706933 0.6789257369614512
3 0.2039957397100254 0.7137123788909503 0.23620559334845048 0.7108134920634921 0.2349171992029135 0.6605661203875489 0.21773861059575345 0.6521915584415584 0.21387342815914243 0.6463937847866419 0.20013055727341442 0.6480042774685632 0.20098948670377242 0.6628208101422386 0.1962653748368034 0.6718395691609976
3 0.2336288050573765 0.712101886209029 0.23019308733594449 0.6686185837971552 0.2392118463547035 0.6615324159967017 0.23792345220916647 0.6499368686868687 0.25510204081632654 0.6492926716141001 0.2546725761011475 0.6547683467326324 0.26626812341098055 0.6621766130694702 0.2697038411324125 0.6705511750154607 0.2765752765752766 0.7146786745001029
3 0.28001099429670856 0.717255462791177 0.30620834192262764 0.7169333642547928 0.3070672713529856 0.6769931457431457 0.2963306534735106 0.6682964852607709 0.2937538651824366 0.6567009379509379 0.27442795299938155 0.6554125438054009 0.28001099429670856 0.6679743867243867 0.27571634714491855 0.6728058647701504
3 0.3083556654985226 0.7214427437641723 0.3319762248333677 0.7230532364460935 0.3427128427128427 0.7214427437641723 0.3397065897065897 0.6824688208616779 0.3332646189789047 0.6763489486703772 0.32682264825121965 0.6615324159967017 0.31436817151102864 0.6618545145330859 0.3122208479351336 0.6782815398886827 0.3070672713529856 0.6840793135435992
3 0.34357177214320067 0.7230532364460935 0.38093520236377376 0.7246637291280148 0.3779289493575208 0.7098471964543392 0.3753521610664468 0.6998621418264275 0.3732048374905517 0.6831130179344465 0.36848072562358275 0.6731279633065347 0.36289768432625574 0.6647534013605442 0.3495842781557067 0.66443130282416 0.34571909571909576 0.6908433828076685 0.3431423074280217 0.701794733044733
3 0.1590241034685479 0.8090553350970018 0.1450617283950617 0.7748842592592593 0.15534979423868311 0.761656746031746 0.1520429159318048 0.7456735008818343 0.17372134038800702 0.7476025132275133 0.17225161669606112 0.7594521604938272 0.17996766607877718 0.7674437830687831 0.1862139917695473 0.7894896384479718 0.1909905937683715 0.8104332010582012
3 0.1909905937683715 0.814291225749559 0.1847442680776014 0.7826003086419754 0.1931951793062904 0.7663414902998237 0.1876837154614932 0.7533895502645503 0.20421810699588472 0.7533895502645503 0.20936213991769548 0.763861331569665 0.216710758377425 0.7740575396825397 0.22332451499118164 0.8137400793650794
3 0.22626396237507346 0.8173225308641976 0.26006760728982947 0.8195271164021164 0.2556584362139917 0.7787422839506174 0.24206349206349204 0.7558697089947091 0.22699882422104642 0.7547674162257496 0.2255291005291005 0.7671682098765432 0.22111992945326278 0.7809468694885362
3 0.26263962375073485 0.818424823633157 0.2563932980599647 0.7839781746031746 0.2666813639035861 0.7671682098765432 0.2615373309817754 0.7522872574955909 0.2806437389770723 0.7528384038800706 0.28211346266901816 0.7713018077601411 0.2894620811287478 0.7809468694885362 0.29644326866549087 0.8233851410934745 0.26594650205761317 0.8198026895943563
3 0.29901528512639625 0.824487433862434 0.33392122281011166 0.8264164462081129 0.32951205173427395 0.789214065255732 0.3181216931216931 0.7707506613756615 0.3181216931216931 0.7577987213403881 0.29717813051146386 0.7564208553791888 0.2979129923574368 0.7693727954144621 0.29681069958847733 0.7864583333333334
3 0.3423721340388007 0.8294477513227514 0.36515285126396235 0.83220348324515 0.36074368018812464 0.7850804673721341 0.35559964726631393 0.7726796737213405 0.3530276308054086 0.7605544532627866 0.3412698412698413 0.7605544532627866 0.3383303938859494 0.7848048941798942 0.33428865373309813 0.79307208994709
3 0.36882716049382713 0.8299988977072311 0.3930776014109348 0.8352347883597885 0.39454732510288065 0.7878361992945326 0.38977072310405647 0.7770888447971781 0.38977072310405647 0.761656746031746 0.3776455026455027 0.7613811728395062 0.3750734861845973 0.7837026014109348 0.36919459141681366 0.7974812610229278 0.3713991769547325 0.826140873015873
3 0.4151234567901234 0.8098820546737214 0.41365373309817755 0.7699239417989419 0.42651381540270433 0.7613811728395062 0.4375367430922986 0.765790343915344 0.4375367430922986 0.7779155643738977 0.4356995884773663 0.8118110670194003 0.41806290417401526 0.8120866402116402
3 0.4459876543209877 0.8401951058201059 0.4731775426219871 0.839919532627866 0.47097295708406817 0.7963789682539683 0.46325690770135214 0.7886629188712523 0.4599500293944738 0.7732308201058202 0.449294532627866 0.7690972222222222 0.44745737801293356 0.7856316137566138 0.44047619047619047 0.7999614197530865
3 0.4937353027630806 0.7319912918871253 0.4951131687242798 0.6713651895943562 0.5047582304526749 0.669987323633157 0.5102696942974722 0.6637869268077602 0.5346119929453264 0.6641313932980599 0.5364491475602586 0.6689539241622575 0.5442570546737214 0.6734319885361553 0.5355305702527925 0.7350914902998237
3 0.5373677248677249 0.7357804232804234 0.5745701058201058 0.74232528659612 0.5869708994708994 0.675843253968254 0.5791629923574368 0.669987323633157 0.5626286008230452 0.6689539241622575 0.5442570546737214 0.6761877204585539
3 0.5828373015873016 0.7309578924162258 0.6204989711934157 0.7371582892416225 0.6333590534979424 0.6775655864197531 0.6278475896531452 0.6713651895943562 0.6076388888888888 0.6679205246913581 0.6021274250440918 0.6668871252204586 0.5897266313932981 0.6806657848324514
3 0.6301440329218108 0.7457699514991182 0.6682649911816579 0.7492146164021164 0.682962228101117 0.6909997795414463 0.6723985890652557 0.6803213183421517 0.6696428571428571 0.6748098544973545 0.6475970017636685 0.6734319885361553 0.6439226925338037 0.6810102513227514
3 0.6682649911816579 0.748181216931217 0.7174088771310994 0.7547260802469136 0.7302689594356262 0.6920331790123457 0.724757495590829 0.6823881172839507 0.7229203409758966 0.6772211199294533 0.7031709288653734 0.6761877204585539 0.6962815990593769 0.6841104497354498 0.6870958259847149 0.6847993827160495
3 0.4569922104644327 0.7378472222222222 0.4891424162257496 0.7368138227513228 0.48730526161081716 0.6810102513227514 0.477200911228689 0.6679205246913581 0.4634222516166961 0.6679205246913581
3 0.41703409758965315 0.715112433862434 0.45331790123456794 0.7120122354497355 0.44459141681363906 0.669987323633157 0.43310920047031154 0.6630979938271605 0.42300485008818345 0.6665426587301587 0.41657480893592 0.6885885141093475
3 0.4750296944174496 0.8396298995788792 0.4777291869128604 0.7758543893747976 0.4912266493899147 0.7682620667314545 0.5026994924954109 0.7682620667314545 0.5128225893532016 0.7778790087463556 0.5175467012201707 0.7920513443472628 0.5121477162293488 0.8457037576935537
3 0.5209210668394343 0.844185293164885 0.559388834899039 0.8502591512795594 0.5627632005183025 0.7819282474894721 0.5512903574128064 0.7712989957887917 0.5377928949357521 0.7702866861030127 0.526320051830256 0.7783851635892453 0.5229456862109924 0.7869897959183674 0.5229456862109924 0.8178652413346291 0.5229456862109924 0.8386175898931001
3 0.5607385811467445 0.8507653061224489 0.6073048266925818 0.8598760932944607 0.6127038116834035 0.7996436669906057 0.6079796998164345 0.7839528668610302 0.5944822373393802 0.7743359248461289 0.5877335061008531 0.7758543893747976 0.578285282366915 0.7804097829608034 0.5762606629953569 0.7900267249757046 0.5654626930137134 0.8224206349206349 0.5647878198898607 0.8386175898931001 0.5634380736421553 0.856333009394234
3 0.6100043191879927 0.8558268545513444 0.654545945362272 0.8588637836086817 0.6612946766007991 0.8062236799481698 0.6579203109815355 0.7945821185617105 0.6491469603714501 0.7834467120181406 0.6369992441421013 0.7829405571752511 0.6275510204081632 0.7844590217039197 0.6181027966742253 0.7981252024619372 0.6127038116834035 0.8148283122772919
3 0.6525213259907138 0.8634191771946874 0.6936885865457294 0.8664561062520246 0.7098855415181947 0.8173590864917396 0.7078609221466364 0.8001498218334953 0.6768167584494116 0.7930636540330418 0.6693931540870317 0.8011621315192744 0.668718280963179 0.8143221574344024
3 0.6990875715365511 0.8679745707806933 0.7375553395961559 0.8720238095238095 0.7524025483209157 0.8269760285066408 0.7524025483209157 0.8067298347910593 0.713934780261311 0.797112892776158 0.7119101608897528 0.8198898607061873
3 0.7436291977108305 0.872529964366699 0.7834467120181406 0.8786038224813736 0.798968793866753 0.8305191124068676 0.798968793866753 0.8057175251052803 0.7571266601878847 0.8031867508908326 0.7591512795594428 0.8264698736637512
3 0.7847964582658461 0.8760730482669258 0.82056473383004 0.8811345966958213 0.8475596587841486 0.8315314220926466 0.8441852931648851 0.8077421444768385 0.798968793866753 0.8036929057337221 0.803692905733722 0.8279883381924199
3 0.8232642263254508 0.8801222870100421 0.8732048374905519 0.8872084548104957 0.8995248893208077 0.8315314220926466 0.8860274268437535 0.8158406219630709 0.8873771730914588 0.809260609005507 0.8691555987474354 0.8016682863621639
3 0.8792786956052263 0.8831592160673793 0.9258449411510636 0.8882207644962747 0.9352931648850016 0.8244452542921931 0.9184213367886838 0.8052113702623908 0.9008746355685131 0.8163467768059605
