2 0.3225263466042155 0.30240046838407486 0.04350442362737443 0.14962269060629713
2 0.35769581056466304 0.30483996877439495 0.04391100702576115 0.14799635701275043
2 0.397337691907364 0.30565313557116836 0.04594392401769447 0.14528580102350594
2 0.4349466562581316 0.3015873015873015 0.03333983866770751 0.15124902419984387
2 0.4684897866250325 0.30240046838407486 0.03537275565964088 0.1572122473761818
2 0.39028732613358524 0.48911428640747373 0.026418123475605307 0.11219335094030966
2 0.3653110879388251 0.48889661298420417 0.02715502259297881 0.11224076005097906
2 0.3380655486038697 0.4882931680376935 0.034215328467153326 0.12165450121654502
2 0.31000535859112494 0.48527594330514034 0.03312912756343417 0.11803383153748119
2 0.2866520391611632 0.48563801027304676 0.032767060595527746 0.11779245355887687
2 0.2627912867274569 0.48575227963525835 0.04221546774738266 0.12031408308004056
2 0.23561507936507936 0.48311381290104694 0.03852161431948666 0.12207306090284818
2 0.20685579196217493 0.48504868850613536 0.049075481256332314 0.1231284475965327
2 0.23783379002793892 0.6369738417610759 0.034875733014030845 0.0969996315740997
2 0.2605575847763348 0.6360104016354016 0.025647095959595953 0.09582431457431449
2 0.2797224476911977 0.6352588383838385 0.026210768398268414 0.09582431457431456
2 0.3024102633477634 0.6363861832611832 0.026492604617604602 0.09056337181337186
2 0.37117830086580084 0.6384529822029822 0.027619949494949468 0.09319384319384318
2 0.3979527417027417 0.6375135281385282 0.023674242424242434 0.09056337181337186
2 0.4295690654538969 0.6388963200760953 0.0248015873015873 0.08731644967600016
2 0.4581326912787587 0.6385247607157719 0.02285090065988942 0.0895458058379407
2 0.4855889724310776 0.6413603453077137 0.030022974101921448 0.08470249698319873
2 0.5137627053745475 0.6446962313190383 0.027629838485101654 0.08325211176088375
2 0.5403047549429129 0.6461466165413533 0.029370300751879647 0.08557272811658774
2 0.38402022946859904 0.780710835058661 0.029923654244306423 0.08770416379112021
2 0.41562034970238093 0.7799582506613757 0.03293960813492063 0.08835565476190477
2 0.4406156994047619 0.7765997023809523 0.02945188492063492 0.08577215608465609
2 0.47374906994047616 0.7758246527777778 0.03526475694444445 0.09248925264550265
2 0.49951946924603174 0.7745329034391535 0.031001984126984128 0.09093915343915344
2 0.5270695706028076 0.7734386946814693 0.023367969538489724 0.09041349359268447
2 0.5510109872465364 0.773534269199009 0.0253750344068264 0.09060464262776405
2 0.5876285173160174 0.6264279701779703 0.028183621933621904 0.06989538239538236
2 0.6238444715007215 0.6358225108225108 0.027901785714285716 0.09169071669071675
2 0.6551282918470419 0.6320646945646945 0.04142992424242423 0.10371572871572868
2 0.6892304743867245 0.6299978956228957 0.0459393037518037 0.10409151034151033
2 0.7206552128427128 0.6256764069264069 0.03720238095238095 0.08642977392977397
2 0.7505298520923521 0.6331920394420394 0.05073051948051947 0.10446729196729192
2 0.7860183051715309 0.6265289867440405 0.043469448711384244 0.09671730101837629
2 0.5735656801661474 0.7532697918211936 0.02062935766206799 0.0800449982692974
2 0.5998739059486722 0.7694951293082134 0.025496958908173873 0.08653513326410524
2 0.6301225708351876 0.7711949265687584 0.03870901943331848 0.09426148444840036
2 0.6606030262572319 0.768567967166098 0.03662290461355877 0.10384215991692634
2 0.6903881100726894 0.7679498590713544 0.043344830143895584 0.09951540325372092
2 0.7243454235276665 0.7701132374029571 0.05006675567423228 0.09889729515897734
2 0.9268798331298331 0.7669413919413919 0.05659849409849415 0.09411884411884416
2 0.9014423076923077 0.7635497218830551 0.05659849409849415 0.09242300908967582
2 0.8721891534391534 0.7652455569122235 0.057870370370370294 0.08903133903133913
2 0.8413461538461539 0.7720288970288971 0.05087505087505086 0.08224799891466558
2 0.814000814000814 0.7745726495726496 0.04451566951566945 0.08055216388549724
2 0.7901531339031338 0.7745726495726496 0.04515160765160758 0.08563966897300228
2 0.7586741961741962 0.7741486908153573 0.04705942205942208 0.08140008140008141
