0 0.057146990740740776 0.15020073784722224 0.049913194444444496 0.20174153645833334 0.010127314814814806 0.21666124131944445 0.015552662037037054 0.4323187934027778 0.16565393518518526 0.43367513020833337 0.18012152777777782 0.2451443142361111 0.14214409722222232 0.20987955729166669 0.1385271990740741 0.15291341145833334
0 0.234375 0.17461480034722224 0.22533275462962962 0.218017578125 0.18012152777777782 0.2397189670138889 0.17107928240740744 0.4350314670138889 0.33203125 0.437744140625 0.3392650462962963 0.2587076822916667 0.30671296296296297 0.2247992621527778 0.31394675925925924 0.1841091579861111
0 0.3899016203703704 0.19495985243055555 0.3790509259259259 0.23429361979166669 0.3374565972222223 0.2559950086805556 0.3338396990740741 0.437744140625 0.46766493055555564 0.4391004774305556 0.4875578703703704 0.266845703125 0.45681423611111116 0.2397189670138889 0.46043113425925924 0.2003851996527778
0 0.523726851851852 0.21394856770833334 0.5219184027777778 0.24650065104166669 0.49298321759259256 0.2641330295138889 0.4712818287037037 0.44316948784722227 0.5815972222222223 0.4485948350694445 0.6123408564814815 0.27498372395833337 0.5852141203703703 0.2519259982638889 0.5924479166666666 0.2153049045138889
0 0.6485098379629629 0.2397189670138889 0.6430844907407408 0.2736273871527778 0.6051070601851852 0.3021104600694445 0.5870225694444445 0.4472384982638889 0.7027633101851852 0.449951171875 0.7262731481481483 0.315673828125 0.7063802083333334 0.2682020399305556 0.7081886574074074 0.23836263020833337
0 0.7606336805555557 0.2478569878472222 0.7533998842592594 0.28719075520833337 0.720847800925926 0.3048231336805556 0.7009548611111112 0.4526638454861111 0.8040364583333334 0.4472384982638889 0.8329716435185185 0.3129611545138889 0.814887152777778 0.2885470920138889 0.8257378472222223 0.25056966145833337
0 0.8528645833333334 0.2641330295138889 0.8492476851851851 0.2953287760416667 0.8365885416666666 0.3075358072916667 0.8040364583333334 0.4526638454861111 0.8980758101851851 0.4540201822916667 0.9252025462962964 0.3265245225694445 0.9071180555555557 0.291259765625 0.9143518518518517 0.2654893663194445
0 0.9432870370370372 0.2776963975694445 0.9342447916666666 0.3021104600694445 0.91796875 0.315673828125 0.8980758101851851 0.4540201822916667 0.9993489583333334 0.45808919270833337 0.9993489583333334 0.3305935329861111 0.9903067129629631 0.3102484809027778 0.9975405092592592 0.2736273871527778
0 0.33203125 0.5828721788194444 0.3302228009259259 0.6113552517361112 0.2868200231481482 0.6344129774305556 0.27054398148148157 0.9273817274305556 0.3030960648148149 0.9314507378472222 0.41521990740740744 0.9165310329861112 0.4333043981481482 0.654758029513889 0.402560763888889 0.6222059461805556 0.402560763888889 0.5801595052083334 0.36639178240740744 0.5665961371527778
0 0.15842013888888898 0.5611707899305556 0.15842013888888898 0.572021484375 0.11501736111111116 0.5923665364583334 0.10959201388888891 0.657470703125 0.10235821759259263 0.7090115017361112 0.09874131944444449 0.8568522135416667 0.18192997685185194 0.874484592013889 0.23980034722222232 0.8337944878472222 0.24160879629629628 0.6859537760416667 0.23075810185185194 0.6615397135416667 0.2542679398148149 0.608642578125 0.2361834490740741 0.581515842013889 0.20724826388888898 0.5706651475694444 0.20905671296296294 0.5557454427083334
0 0.4911747685185186 0.581515842013889 0.4893663194444445 0.6045735677083334 0.44777199074074076 0.6276312934027778 0.41883680555555564 0.898898654513889 0.4387297453703704 0.911105685763889 0.549045138888889 0.8907606336805556 0.5852141203703703 0.6506890190972222 0.5562789351851852 0.6194932725694444 0.5580873842592592 0.5774468315972222 0.5255353009259259 0.5665961371527778
0 0.6376591435185186 0.5733778211805556 0.625 0.6032172309027778 0.5942563657407408 0.6235622829861112 0.5617042824074074 0.8025987413194444 0.5834056712962963 0.874484592013889 0.673828125 0.8663465711805556 0.719039351851852 0.6398383246527778 0.6991464120370371 0.6072862413194444 0.6991464120370371 0.5760904947916667 0.6629774305555557 0.559814453125
0 0.7425491898148149 0.5611707899305556 0.7371238425925927 0.5801595052083334 0.7118055555555557 0.596435546875 0.6665943287037037 0.8473578559027778 0.6882957175925927 0.8554958767361112 0.7588252314814815 0.8473578559027778 0.8130787037037038 0.6276312934027778 0.7895688657407408 0.5977918836805556 0.8004195601851852 0.5625271267361112 0.767867476851852 0.5462510850694444
0 0.8474392361111113 0.5638834635416667 0.8383969907407408 0.5869411892361112 0.8076533564814815 0.6018608940972222 0.7606336805555557 0.8175184461805556 0.7968026620370371 0.837863498263889 0.8709490740740741 0.8270128038194445 0.9215856481481483 0.633056640625 0.9016927083333334 0.6005045572916667 0.9053096064814815 0.569308810763889 0.8709490740740741 0.5530327690972222
0 0.9414785879629631 0.5638834635416667 0.939670138888889 0.5788031684027778 0.9053096064814815 0.5977918836805556 0.863715277777778 0.8175184461805556 0.9053096064814815 0.8243001302083334 0.9559461805555557 0.8120930989583334 0.9993489583333334 0.6235622829861112 0.9794560185185185 0.584228515625 0.9957320601851851 0.5584581163194444 0.9631799768518517 0.5530327690972222
0 0.006510416666666667 0.5910101996527778 0.03544560185185186 0.5977918836805556 0.037254050925925965 0.6222059461805556 0.08065682870370372 0.6628960503472222 0.09512442129629635 0.6927354600694444 0.07342303240740744 0.7483452690972222 0.087890625 0.789035373263889 0.10416666666666667 0.935519748263889 0.07703993055555558 0.972140842013889 0.004701967592592633 0.9829915364583334
