1 0.7064098011363636 0.225830078125 0.778912168560606 0.22638494318181818 0.7848307291666666 0.12650923295454544 0.7752130681818182 0.11097301136363637 0.7715139678030303 0.07768110795454546 0.7286044034090908 0.079345703125 0.7263849431818182 0.10708895596590909 0.7189867424242423 0.1220703125 0.7093690814393939 0.1498135653409091
1 0.6316879734848485 0.22527521306818182 0.6945726799242423 0.22472034801136365 0.7115885416666666 0.12650923295454544 0.6975319602272726 0.10986328125 0.6967921401515151 0.08766867897727272 0.6509232954545455 0.08711381392045454 0.6450047348484849 0.11541193181818182 0.6346472537878788 0.1315030184659091
1 0.568063446969697 0.23193359375 0.6524029356060607 0.22749467329545456 0.6316879734848485 0.12428977272727272 0.6183712121212122 0.11152787642045454 0.6213304924242424 0.09377219460227272 0.5946969696969697 0.09599165482954546 0.5791607481060607 0.10043057528409091 0.5776811079545455 0.12040571732954546 0.5710227272727273 0.140380859375 0.5636245265151515 0.15647194602272727 0.5665838068181819 0.1980868252840909 0.5673236268939394 0.2225008877840909
1 0.5007398200757577 0.2286044034090909 0.5584457859848485 0.2291592684659091 0.5614050662878788 0.1431551846590909 0.552527225378788 0.12262517755681818 0.5562263257575758 0.09321732954545454 0.519235321969697 0.09710138494318182 0.5073982007575758 0.12595436789772727 0.5029592803030304 0.14093572443181818 0.49852035984848486 0.16867897727272727 0.494821259469697 0.21417791193181818
1 0.4378551136363637 0.23082386363636365 0.5059185606060607 0.22693980823863635 0.503699100378788 0.1370516690340909 0.4889026988636364 0.11818625710227272 0.47188683712121215 0.11097301136363637 0.451171875 0.11763139204545454 0.4400745738636364 0.15924627130681818
1 0.7389618844696969 0.4422274502840909 0.7470999053030303 0.34346147017045453 0.7692945075757575 0.3268155184659091 0.7737334280303031 0.29463334517045453 0.803326231060606 0.29463334517045453 0.8055456912878788 0.32848011363636365 0.8225615530303031 0.3512295809659091 0.8166429924242423 0.4522150213068182
1 0.6694187973484849 0.4372336647727273 0.7419211647727272 0.44444691051136365 0.7515388257575757 0.33680308948863635 0.7337831439393939 0.3201571377840909 0.7374822443181818 0.29740767045454547 0.6982717803030303 0.2957430752840909 0.6960523200757575 0.3262606534090909 0.6775568181818182 0.34013227982954547 0.6694187973484849 0.4300204190340909
1 0.5946969696969697 0.4355690696022727 0.650183475378788 0.43834339488636365 0.6553622159090909 0.4294655539772727 0.6590613162878788 0.41337446732954547 0.6568418560606061 0.3900701349431818 0.6627604166666666 0.35233931107954547 0.6635002367424243 0.32792524857954547 0.6509232954545455 0.3151633522727273 0.6494436553030304 0.30073686079545453 0.641305634469697 0.2935236150568182 0.6228101325757577 0.29796253551136365 0.6161517518939394 0.31238902698863635 0.6146721117424243 0.323486328125 0.6006155303030304 0.3334738991477273 0.5954367897727273 0.3445712002840909
1 0.5421697443181819 0.4305752840909091 0.5939571496212122 0.4305752840909091 0.59765625 0.3318093039772727 0.5821200284090909 0.3134987571022727 0.5821200284090909 0.29463334517045453 0.5606652462121212 0.29463334517045453 0.5591856060606061 0.3257057883522727 0.5458688446969697 0.33458362926136365
1 0.4815044981060606 0.41947798295454547 0.5295928030303031 0.41947798295454547 0.5414299242424243 0.4178133877840909 0.5369910037878788 0.3334738991477273 0.5251538825757577 0.3151633522727273 0.5251538825757577 0.28852982954545453 0.48816287878787884 0.28575550426136365 0.4970407196969697 0.31571821732954547 0.489642518939394 0.33125443892045453 0.48076467803030304 0.3761985085227273
1 0.4326763731060606 0.4155939275568182 0.4837239583333333 0.4155939275568182 0.47854521780303033 0.3262606534090909 0.46966737689393945 0.31294389204545453 0.4755859375 0.29130415482954547 0.44525331439393945 0.2863103693181818 0.4430338541666667 0.31627308238636365 0.43119673295454547 0.33125443892045453
1 0.3816287878787879 0.40782581676136365 0.4274976325757576 0.41392933238636365 0.435635653409091 0.40727095170454547 0.43119673295454547 0.32958984375 0.41270123106060613 0.311279296875 0.4156605113636364 0.2896395596590909 0.397165009469697 0.28575550426136365 0.391986268939394 0.3079501065340909 0.38310842803030304 0.3323641690340909
1 0.34167850378787884 0.4022771661931818 0.38236860795454547 0.40449662642045453 0.38310842803030304 0.31849254261363635 0.3712713068181819 0.3090598366477273 0.372750946969697 0.28575550426136365 0.3401988636363637 0.28575550426136365 0.343158143939394 0.3134987571022727 0.3350201231060606 0.32515092329545453 0.3401988636363637 0.39561878551136365
1 0.2906309185606061 0.39506392045454547 0.3446377840909091 0.4006125710227273 0.33871922348484856 0.3134987571022727 0.32910156250000006 0.3018465909090909 0.3231830018939394 0.2846457741477273 0.3002485795454546 0.28575550426136365 0.3017282196969697 0.31571821732954547 0.2958096590909091 0.3268155184659091 0.29728929924242425 0.39173473011363635
1 0.7655954071969697 0.6464177911931818 0.8292199337121211 0.6552956321022727 0.8462357954545454 0.5482066761363636 0.8306995738636364 0.5271218039772727 0.8306995738636364 0.5138050426136364 0.8055456912878788 0.5093661221590909 0.7988873106060606 0.5365545099431818 0.778912168560606 0.5398837002840909
1 0.6901337594696969 0.6325461647727273 0.7308238636363636 0.6375399502840909 0.7537582859848485 0.6364302201704546 0.7633759469696969 0.6292169744318182 0.7633759469696969 0.5998091264204546 0.7655954071969697 0.5659623579545454 0.7678148674242423 0.5465420809659091 0.7670750473484849 0.5304509943181818 0.7567175662878788 0.5221280184659091 0.7522786458333334 0.5021528764204546 0.7382220643939393 0.4977139559659091 0.7226858428030303 0.49937855113636365 0.7182469223484849 0.5143599076704546 0.7064098011363636 0.5260120738636364 0.6997514204545454 0.5337801846590909 0.6997514204545454 0.5681818181818182 0.6953125 0.5925958806818182 0.6930930397727272 0.6131258877840909
1 0.6183712121212122 0.6120161576704546 0.6553622159090909 0.6186745383522727 0.6856948390151515 0.6170099431818182 0.6967921401515151 0.6003639914772727 0.6967921401515151 0.5559747869318182 0.6967921401515151 0.5287863991477273 0.6930930397727272 0.5121404474431818 0.6664595170454546 0.4982688210227273 0.6546223958333334 0.4860617897727273 0.6272490530303031 0.4999334161931818 0.625769412878788 0.5176890980113636 0.6250295928030304 0.531005859375 0.6265092329545455 0.5948153409090909
1 0.5458688446969697 0.5986993963068182 0.5850793087121212 0.6103515625 0.6205906723484849 0.6064675071022727 0.6205906723484849 0.5814985795454546 0.625769412878788 0.5343350497159091 0.6265092329545455 0.5043723366477273 0.6131924715909091 0.4910555752840909 0.6050544507575758 0.4755193536931818 0.5784209280303031 0.48051313920454547 0.5651041666666666 0.49882368607954547 0.5584457859848485 0.5182439630681818 0.5554865056818182 0.5576393821022727
1 0.5073982007575758 0.5848277698863636 0.5288529829545455 0.5914861505681818 0.5540068655303031 0.5742853338068182 0.5606652462121212 0.5332253196022727 0.5569661458333334 0.49882368607954547 0.5443892045454546 0.482177734375 0.5310724431818182 0.46830610795454547 0.5059185606060607 0.4766290838068182 0.5022194602272728 0.5082563920454546 0.5 0.5387739701704546 0.5029592803030304 0.5604137073863636
1 0.4519116950757576 0.5787242542613636 0.47780539772727276 0.5853826349431818 0.4955610795454546 0.5765047940340909 0.5029592803030304 0.5498712713068182 0.5029592803030304 0.5077015269886364 0.5 0.48717151988636365 0.48520359848484856 0.469970703125 0.47410629734848486 0.45942826704545453 0.46152935606060613 0.4794034090909091 0.4519116950757576 0.4999334161931818 0.451171875 0.5315607244318182 0.4578302556818182 0.5748401988636364
1 0.40530303030303033 0.5637428977272727 0.42971709280303033 0.5709561434659091 0.440814393939394 0.5709561434659091 0.44747277462121215 0.5609685724431818 0.44155421401515155 0.5260120738636364 0.451171875 0.5038174715909091 0.44747277462121215 0.4849520596590909 0.43933475378787884 0.4732998934659091 0.4304569128787879 0.4583185369318182 0.40974195075757575 0.45942826704545453 0.40974195075757575 0.47440962357954547 0.40234375 0.4860617897727273
1 0.3601740056818182 0.5587491122159091 0.40160392992424243 0.5637428977272727 0.40456321022727276 0.4782936789772727 0.39272608901515155 0.4583185369318182 0.3860677083333333 0.45276988636363635 0.3690518465909091 0.4511052911931818 0.36091382575757575 0.469970703125
1 0.30986624053030304 0.5526455965909091 0.362393465909091 0.5548650568181818 0.36091382575757575 0.4721901633522727 0.343158143939394 0.45665394176136365 0.33871922348484856 0.4422274502840909 0.3180042613636364 0.4427823153409091 0.31652462121212127 0.4633123224431818 0.3106060606060606 0.469970703125
1 0.269915956439394 0.5426580255681818 0.30690696022727276 0.5476518110795454 0.31134588068181823 0.48051313920454547 0.31134588068181823 0.4538796164772727 0.2987689393939394 0.4450017755681818 0.2958096590909091 0.43834339488636365 0.2662168560606061 0.44056285511363635 0.269915956439394 0.4666415127840909 0.2632575757575758 0.47496448863636365
1 0.2321851325757576 0.5343350497159091 0.2573390151515152 0.5404385653409091 0.2736150568181818 0.5376642400568182 0.27065577651515155 0.45276988636363635 0.2565991950757576 0.439453125 0.2514204545454546 0.4294655539772727 0.23440459280303036 0.43168501420454547 0.22552675189393942 0.46275745738636365 0.21294981060606064 0.469970703125
1 0.19815340909090914 0.5243474786931818 0.2233072916666667 0.5260120738636364 0.22774621212121215 0.5115855823863636 0.22478693181818185 0.47607421875 0.22552675189393942 0.45276988636363635 0.2233072916666667 0.4400079900568182 0.21220999053030307 0.4250266335227273 0.19297466856060608 0.4250266335227273 0.18261718750000003 0.4599831321022727
1 0.7027107007575757 0.8367365056818182 0.7152876420454545 0.726318359375 0.7352627840909091 0.7152210582386364 0.7397017045454545 0.701904296875 0.7641157670454545 0.7002397017045454 0.7729936079545454 0.7229891690340909 0.7796519886363636 0.7268732244318182 0.7729936079545454 0.8511629971590909 0.7108487215909091 0.8450594815340909 0.7064098011363636 0.84228515625
1 0.6376065340909091 0.8162064985795454 0.6583214962121212 0.8284135298295454 0.6827355587121211 0.8284135298295454 0.705669981060606 0.8217551491477273 0.705669981060606 0.7962313565340909 0.716027462121212 0.7540616122159091 0.7108487215909091 0.7285378196022727 0.7086292613636364 0.7124467329545454 0.7027107007575757 0.6941361860795454 0.6953125 0.68359375 0.6745975378787877 0.6808194247159091 0.6620205965909091 0.6935813210227273 0.6494436553030304 0.7096724076704546 0.6435250946969697 0.8101029829545454
1 0.5762014678030304 0.7984508167613636 0.6228101325757577 0.8073286576704546 0.6346472537878788 0.7901278409090909 0.6361268939393939 0.7412997159090909 0.646484375 0.7102272727272727 0.6427852746212122 0.6963556463068182 0.6316879734848485 0.6852583451704546 0.6279888731060607 0.6708318536931818 0.6176313920454546 0.6636186079545454 0.6057942708333334 0.6691672585227273 0.5932173295454546 0.677490234375 0.5813802083333334 0.7041237571022727 0.5776811079545455 0.74462890625
1 0.5170158617424243 0.7779208096590909 0.5562263257575758 0.7973410866477273 0.5806403882575758 0.7890181107954546 0.5806403882575758 0.7462935014204546 0.5887784090909091 0.6969105113636364 0.5813802083333334 0.6813742897727273 0.5717625473484849 0.6724964488636364 0.5614050662878788 0.6586248224431818 0.5584457859848485 0.6541859019886364 0.5399502840909091 0.6564053622159091 0.5325520833333334 0.6702769886363636 0.5236742424242424 0.6802645596590909 0.5229344223484849 0.7335316051136364 0.5162760416666666 0.7679332386363636
1 0.45857007575757575 0.7662686434659091 0.48816287878787884 0.7695978338068182 0.5125769412878788 0.7668235085227273 0.5155362215909091 0.7318670099431818 0.5162760416666666 0.6930264559659091 0.5162760416666666 0.6708318536931818 0.5066583806818182 0.6503018465909091 0.5007398200757577 0.6392045454545454 0.48076467803030304 0.6403142755681818 0.4733664772727273 0.6464177911931818 0.4689275568181819 0.6608442826704546 0.46374881628787884 0.6858132102272727
1 0.3956853693181819 0.7435191761363636 0.435635653409091 0.7546164772727273 0.4622691761363637 0.7540616122159091 0.46374881628787884 0.7068980823863636 0.4667080965909091 0.67138671875 0.460049715909091 0.6419788707386364 0.44525331439393945 0.628662109375 0.42601799242424243 0.6175648082386364 0.4178799715909091 0.6208939985795454 0.40974195075757575 0.6386496803977273 0.4060428503787879 0.6686123934659091 0.4060428503787879 0.7240988991477273
1 0.3453776041666667 0.7240988991477273 0.36535274621212127 0.7318670099431818 0.3816287878787879 0.7329767400568182 0.40160392992424243 0.7007945667613636 0.397165009469697 0.6791548295454546 0.397165009469697 0.6441983309659091 0.3956853693181819 0.6242231889204546 0.3794093276515152 0.6086869673295454 0.3668323863636364 0.6070223721590909 0.3549952651515152 0.6214488636363636 0.34759706439393945 0.6430886008522727 0.35203598484848486 0.714111328125
1 0.30764678030303033 0.7102272727272727 0.33649976325757575 0.7224343039772727 0.3490767045454546 0.7174405184659091 0.35203598484848486 0.6969105113636364 0.3490767045454546 0.6619540127840909 0.3490767045454546 0.6364302201704546 0.3542554450757576 0.616455078125 0.3350201231060606 0.6014737215909091 0.3283617424242425 0.5953702059659091 0.318744081439394 0.6075772372159091 0.3120857007575758 0.6336558948863636 0.3032078598484849 0.6458629261363636
1 0.2529000946969697 0.6941361860795454 0.2965494791666667 0.7007945667613636 0.31282552083333337 0.6580699573863636 0.3106060606060606 0.6214488636363636 0.30986624053030304 0.6086869673295454 0.2965494791666667 0.5937056107954546 0.2787937973484849 0.5876020951704546 0.26251775568181823 0.6275523792613636 0.26251775568181823 0.6724964488636364 0.2536399147727273 0.6813742897727273 0.25807883522727276 0.689697265625
1 0.21886837121212124 0.6813742897727273 0.24476207386363638 0.6946910511363636 0.2654770359848485 0.6919167258522727 0.2662168560606061 0.6575150923295454 0.2662168560606061 0.6186745383522727 0.2632575757575758 0.6020285866477273 0.24698153409090914 0.579833984375 0.2321851325757576 0.5765047940340909
0 0.11603338068181819 0.6447531960227273 0.13600852272727273 0.6547407670454546 0.14488636363636365 0.6364302201704546 0.1589429450757576 0.6020285866477273 0.1463660037878788 0.5648526278409091 0.13378906250000003 0.5476518110795454 0.11085464015151518 0.5470969460227273 0.11011482007575758 0.5848277698863636
0 0.08274147727272729 0.6425337357954546 0.11011482007575758 0.6425337357954546 0.11381392045454547 0.6153453480113636 0.1130741003787879 0.5753950639204546 0.11085464015151518 0.5537553267045454 0.0975378787878788 0.5404385653409091 0.08126183712121214 0.5376642400568182 0.06942471590909093 0.5781693892045454
0 0.05092921401515154 0.6303267045454546 0.0738636363636364 0.6375399502840909 0.08200165719696972 0.6175648082386364 0.07534327651515153 0.5759499289772727 0.07534327651515153 0.5581942471590909 0.07016453598484851 0.5404385653409091 0.05832741477272729 0.5326704545454546 0.047969933712121236 0.5587491122159091 0.04944957386363639 0.5831631747159091 0.05462831439393942 0.6220037286931818
0 0.02355587121212124 0.6186745383522727 0.04723011363636367 0.6297718394886364 0.053888494318181844 0.6170099431818182 0.05462831439393942 0.5748401988636364 0.04944957386363639 0.5454323508522727 0.046490293560606084 0.5343350497159091 0.03243371212121215 0.5254572088068182 0.017637310606060632 0.52490234375 0.01023910984848487 0.5415482954545454 0.013198390151515174 0.5670720880681818
0 0.006293402777777772 0.36683238636363635 0.048709753787878764 0.3675722064393939 0.04081833964646462 0.30024857954545453 0.020103377525252503 0.27509469696969696 0.00727982954545453 0.2832327178030303 0.00727982954545453 0.3113458806818182
0 0.10197679924242421 0.37497040719696967 0.14044744318181818 0.37940932765151514 0.1355153093434343 0.315044981060606 0.13748816287878787 0.3069069602272727 0.12565104166666666 0.29137073863636365 0.11184106691919192 0.28767163825757575 0.09507181186868684 0.2928503787878788 0.09408538510101007 0.3165246212121212
0 0.14044744318181818 0.38162878787878785 0.18582307449494948 0.3890269886363636 0.17694523358585856 0.3646129261363636 0.16905381944444442 0.33649976325757575 0.16905381944444442 0.30986624053030304 0.1670809659090909 0.29359019886363635 0.15031171085858583 0.2891512784090909 0.13946101641414138 0.3076467803030303
0 0.19371448863636362 0.3890269886363636 0.2144294507575757 0.3860677083333333 0.19963304924242423 0.35055634469696967 0.19470091540404036 0.3046875 0.19470091540404036 0.2921105587121212 0.1670809659090909 0.2928503787878788 0.16214883207070704 0.3231830018939394 0.1739859532828283 0.3601740056818182 0.17891808712121207 0.3868075284090909
0 0.21640230429292928 0.3927260890151515 0.259805082070707 0.3927260890151515 0.259805082070707 0.37349076704545453 0.24796796085858577 0.3416785037878788 0.24796796085858577 0.315044981060606 0.24895438762626262 0.30246803977272724 0.21936158459595956 0.30172821969696967 0.20357875631313127 0.30172821969696967 0.19371448863636362 0.3106060606060606 0.19371448863636362 0.3350201231060606
