0 0.029041108630952397 0.39672851562499994 0.0009068080357143068 0.3083147321428571 0.01136997767857145 0.29575892857142855 0.008579799107142879 0.2818080357142857 0.03206380208333335 0.2804129464285714 0.038574218750000014 0.29436383928571425 0.040666852678571445 0.29680524553571425 0.030436197916666685 0.3074428013392857 0.05880301339285716 0.40178571428571425
0 0.059268043154761925 0.4010881696428571 0.030436197916666685 0.30918666294642855 0.04182942708333335 0.2964564732142857 0.03717912946428573 0.2854701450892857 0.06159319196428573 0.28355189732142855 0.06647600446428574 0.2940150669642857 0.07321893601190478 0.2997698102678571 0.06345331101190478 0.31162806919642855 0.08670479910714286 0.4073660714285714
0 0.0718238467261905 0.2840750558035714 0.09670293898809525 0.283203125 0.10298084077380953 0.2987234933035714 0.11088634672619048 0.3036063058035714 0.10251581101190477 0.31180245535714285 0.12716238839285715 0.41277204241071425 0.08740234375000001 0.4071916852678571 0.06461588541666669 0.31494140624999994 0.07507905505952382 0.2985491071428571
0 0.12692987351190477 0.41416713169642855 0.1022832961309524 0.31267438616071425 0.11576915922619048 0.2985491071428571 0.11018880208333336 0.2852957589285714 0.13576543898809526 0.2839006696428571 0.14460100446428573 0.3022112165178571 0.1339053199404762 0.31895228794642855 0.15157645089285715 0.4173060825892857
0 0.15366908482142858 0.41870117187499994 0.13576543898809526 0.3206961495535714 0.14599609375000003 0.30447823660714285 0.1434384300595238 0.2887834821428571 0.16994512648809523 0.28738839285714285 0.1727353050595238 0.30412946428571425 0.18087332589285712 0.3095354352678571 0.17529296875 0.32226562499999994 0.19273158482142858 0.4244559151785714 0.15134393601190477 0.41904994419642855
0 0.19296409970238093 0.42619977678571425 0.1762230282738095 0.31912667410714285 0.18761625744047616 0.30639648437499994 0.1836635044642857 0.2912248883928571 0.2115652901785714 0.28948102678571425 0.21435546875 0.3050013950892857 0.2262137276785714 0.3121512276785714 0.21877325148809523 0.32139369419642855 0.2324916294642857 0.4045758928571428 0.2141229538690476 0.4289899553571428
1 0.3283763923267327 0.4469417156559406 0.3112946060231023 0.33308999845297027 0.3264426051980198 0.3135104037747525 0.32321962665016507 0.2956228728341584 0.35254873143564364 0.2951394260519802 0.35480481641914197 0.312543510210396 0.36995281559405946 0.325838296720297 0.3657629434818483 0.3364741259282178 0.3767210705445545 0.4520179068688119
1 0.37704336839934 0.4556437577351485 0.36705213490099015 0.33816618966584155 0.3815555383663367 0.31665280785891087 0.3802663469471948 0.29683148978960394 0.4108846431518152 0.2956228728341584 0.4131407281353136 0.3144772973391089 0.42957791872937295 0.3306727645420792 0.42152047235973605 0.3446927212252475 0.4292556208745875 0.42977935488861385 0.414752217409241 0.4604782255569307
1 0.43763536509900997 0.4667630337252475 0.4205535787953796 0.3415503171410891 0.44085834364686477 0.31882831837871284 0.4405360457920793 0.2999738938737624 0.4737327248349836 0.2999738938737624 0.4737327248349836 0.31665280785891087 0.48920302186468656 0.33163965810643564 0.48726923473597367 0.3442092744430693 0.49339289397689773 0.474498182240099
1 0.4911368089933994 0.47353128867574257 0.48920302186468656 0.3459013381806931 0.5059625103135315 0.3239045095915841 0.5062848081683169 0.30166595761138615 0.5378699979372937 0.30263285117574257 0.5388368915016503 0.3214872756806931 0.5633315284653466 0.3417920405321782 0.557530167079208 0.35315303991336633 0.5607531456270628 0.4370310566212871 0.5323909344059407 0.48416711788366334 0.4943597875412542 0.4754650758044554
1 0.5613977413366337 0.48610090501237624 0.5597862520627063 0.3468682317450495 0.5823471018976899 0.325838296720297 0.5836362933168318 0.3006990640470297 0.6194113551980199 0.3006990640470297 0.617477568069307 0.32414623298267325 0.6377823329207921 0.3446927212252475 0.6300471844059407 0.4914188196163366
1 0.6392505787037037 0.4957411024305556 0.6532660590277778 0.35298665364583337 0.6785843460648149 0.3289116753472222 0.6835575810185186 0.3034803602430556 0.716109664351852 0.3068712022569445 0.717013888888889 0.3319634331597222 0.7396195023148149 0.3556993272569445 0.7296730324074076 0.46624077690972227 0.7088758680555557 0.5096435546875
1 0.7260561342592594 0.5113389756944444 0.7369068287037038 0.3594292534722222 0.7685546875000001 0.3329806857638889 0.7721715856481483 0.30721028645833337 0.8110532407407409 0.3078884548611111 0.8106011284722223 0.3367106119791667 0.8345630787037038 0.3631591796875 0.8128616898148149 0.5262586805555556
1 0.8173828125000001 0.5289713541666667 0.8363715277777778 0.3685845269097222 0.8671151620370372 0.33772786458333337 0.876609519675926 0.3106011284722222 0.9154911747685186 0.3129747178819445 0.9118742766203706 0.3401014539930556 0.9408094618055557 0.3740098741319445 0.901023582175926 0.5408393012152778
1 0.9128337734741785 0.20631602112676056 0.9261296948356809 0.07289832746478873 0.968768339201878 0.019600022007042254 0.9683098591549296 0.002750880281690141 0.9990280223004695 0.0017193001760563381 0.9976525821596245 0.20356514084507044
1 0.8073833626760564 0.2125055017605634 0.8138020833333334 0.08218254841549297 0.8527728873239436 0.033698283450704226 0.8564407276995305 0.004470180457746479 0.9004548122065729 0.0017193001760563381 0.8963284917840376 0.03472986355633803 0.9275051349765259 0.061550946302816906 0.90962441314554 0.20906690140845072
1 0.7253154342723005 0.21078620158450706 0.727149354460094 0.06498954665492958 0.754199677230047 0.037136883802816906 0.7537411971830986 0.004470180457746479 0.7963798415492959 0.0013754401408450705 0.7986722417840376 0.035761443661971835 0.8275564847417841 0.0594877860915493 0.8110512030516431 0.08837202904929578 0.8087588028169015 0.17296159771126762 0.7803330399061034 0.21422480193661972
1 0.6432475058685446 0.214568661971831 0.643705985915493 0.07083516725352113 0.6712147887323944 0.04195092429577465 0.6670884683098591 0.014785981514084508 0.7074347124413146 0.013410541373239437 0.7069762323943661 0.04298250440140845 0.7280663145539906 0.058112345950704226 0.720730633802817 0.21319322183098594
1 0.5740170187793427 0.21491252200704228 0.5657643779342724 0.08115096830985916 0.5900638204225352 0.052610585387323945 0.5928147007042254 0.025445642605633804 0.6285761443661972 0.029571963028169015 0.6267422241784038 0.05054742517605634 0.6441644659624414 0.06670884683098592 0.6432475058685446 0.21422480193661972 0.5790602992957746 0.2166318221830986
1 0.5038695715962441 0.21800726232394368 0.5002017312206574 0.08940360915492958 0.5189994131455399 0.06464568661971831 0.5231257335680751 0.037136883802816906 0.5575117370892019 0.0381684639084507 0.5570532570422536 0.06670884683098592 0.5698906983568076 0.08115096830985916 0.571724618544601 0.21525638204225353
1 0.4415162852112677 0.2197265625 0.4318882042253522 0.1114106514084507 0.45114436619718307 0.08802816901408451 0.45022740610328643 0.05432988556338028 0.4873642899061033 0.052610585387323945 0.48644732981220656 0.08837202904929578 0.5015771713615024 0.10350187059859156 0.5006602112676056 0.21697568221830987
1 0.3869571596244132 0.22178972271126762 0.376412118544601 0.11725627200704226 0.390625 0.09421764964788733 0.3869571596244132 0.05983164612676057 0.4190507629107982 0.061550946302816906 0.43005428403755874 0.10075099031690142 0.4392238849765258 0.11931943221830986 0.4428917253521127 0.21903884242957747
1 0.33285651408450706 0.22350902288732397 0.31910211267605637 0.12344575264084508 0.33377347417840375 0.09834397007042255 0.32689627347417843 0.07117902728873239 0.3644916373239437 0.0691158670774648 0.36540859741784043 0.10212643045774648 0.37916299882629106 0.11106679137323944 0.384206279342723 0.22522832306338028
1 0.28425762910798125 0.22522832306338028 0.27050322769953056 0.13341769366197184 0.2856330692488263 0.10418959066901409 0.27875586854460094 0.07668078785211269 0.312224911971831 0.07736850792253522 0.312224911971831 0.10350187059859156 0.3246038732394366 0.11725627200704226 0.31726819248826293 0.13548085387323944 0.3287301936619718 0.2211020026408451
0 0.009827044025157232 0.22706920695754718 0.0 0.184459758254717 0.000614190251572327 0.14415352299528303 0.026717275943396224 0.1448444870283019 0.027024371069182387 0.1561302329009434 0.02026827830188679 0.16557340801886794 0.03807979559748428 0.22868145636792453
0 0.038386890723270436 0.2282208136792453 0.02180375393081761 0.16488244398584906 0.029174036949685535 0.15682119693396226 0.027638561320754717 0.14161998820754718 0.05067069575471698 0.14138966686320756 0.0555842177672956 0.15843344634433965 0.06510416666666667 0.2284511350235849
0 0.06786802279874214 0.22706920695754718 0.05282036163522013 0.17317401238207547 0.063875786163522 0.15359669811320756 0.06111193003144654 0.1427715949292453 0.08598663522012578 0.14115934551886794 0.08905758647798741 0.15244509139150944 0.08138020833333333 0.1674159787735849 0.09581367924528301 0.2293724204009434
0 0.09704205974842767 0.22960274174528303 0.08445115959119497 0.16879790683962265 0.09182144261006288 0.1540573408018868 0.08690792059748427 0.13655291863207547 0.11239681603773584 0.13540131191037738 0.11423938679245282 0.14922059257075473 0.12130257468553458 0.15566959021226418 0.11976709905660377 0.1681069428066038 0.13112961871069181 0.2284511350235849
