1 0.1492847460045662 0.2598592679794521 0.14125820490867577 0.1424711044520548 0.16043271974885845 0.1170537243150685 0.16043271974885845 0.08360980308219178 0.19699807363013697 0.08427868150684932 0.20368685787671234 0.11939479880136987 0.22732056221461186 0.156517551369863 0.2291042380136986 0.2601937071917808
1 0.23445526541095887 0.2618659032534247 0.22865831906392695 0.1354478809931507 0.2536297802511415 0.1170537243150685 0.24827875285388126 0.08193760702054795 0.2893032962328767 0.08360980308219178 0.2852900256849315 0.12374250856164384 0.3169502711187215 0.1558486729452055 0.3151665953196347 0.2605281464041096
1 0.32051762271689493 0.2608625856164384 0.3182880279680365 0.14079890839041095 0.3454890839041096 0.1170537243150685 0.33924621860730597 0.07859321489726027 0.3807166809360731 0.08160316780821918 0.3780411672374429 0.11638484589041097 0.40747181792237447 0.15216984160958905 0.405242223173516 0.2588559503424658
1 0.4097014126712329 0.2588559503424658 0.4092554937214612 0.14414330051369864 0.43422695490867586 0.11337489297945205 0.431105522260274 0.0792620933219178 0.46856271404109595 0.08160316780821918 0.4676708761415525 0.11872592037671233 0.4908586615296804 0.1484910102739726 0.48907498573059366 0.2568493150684932
1 0.49576376997716903 0.2561804366438356 0.5002229594748858 0.12441138698630137 0.5225189069634704 0.10501391267123288 0.5256403396118722 0.07290774828767123 0.5613138555936074 0.07357662671232877 0.5666648829908676 0.10133508133561644 0.5822720462328768 0.1220703125 0.579150613584475 0.2518327268835617
1 0.58048837043379 0.2558459974315069 0.5853934788812786 0.126418022260274 0.605013912671233 0.10100064212328767 0.6125945348173516 0.07290774828767123 0.6496058076484018 0.07257330907534247 0.6487139697488585 0.1016695205479452 0.665212970890411 0.112037136130137 0.6647670519406393 0.2558459974315069
1 0.6665507277397261 0.2565148758561644 0.6754691067351598 0.12173587328767124 0.6977650542237442 0.0986595676369863 0.7026701626712328 0.07391106592465753 0.7410191923515982 0.0692289169520548 0.7450324628995433 0.09932844606164384 0.7615314640410958 0.11370933219178082 0.7610855450913242 0.1384578339041096 0.7530590039954337 0.2545082405821918
1 0.7517212471461187 0.2521671660958904 0.7642069777397259 0.11638484589041097 0.7918539526255707 0.09698737157534247 0.7963131421232877 0.07090111301369863 0.835999928652968 0.0662189640410959 0.8377836044520547 0.0986595676369863 0.8582958761415526 0.11638484589041097 0.847593821347032 0.2551771190068493 0.7463702197488584 0.2538393621575343
1 0.848931578196347 0.2535049229452055 0.8609713898401826 0.1274213398972603 0.8944153110730593 0.10534835188356165 0.8899561215753424 0.06488120719178082 0.9314265839041096 0.06053349743150685 0.9283051512557078 0.10534835188356165 0.9470337471461187 0.1260835830479452 0.9385612871004566 0.254173801369863
1 0.8908479594748858 0.5608545590753424 0.9144816638127854 0.4040025684931507 0.889064283675799 0.3765785530821918 0.8904020405251142 0.3488200984589041 0.8542826055936072 0.3498234160958904 0.8493774971461187 0.3775818707191781 0.8150417380136986 0.3969793450342466 0.8070151969178082 0.5160397046232876 0.8190550085616438 0.555837970890411
1 0.7940835473744291 0.555837970890411 0.8105825485159817 0.4023303724315069 0.7891784389269406 0.376244113869863 0.7860570062785387 0.3474823416095891 0.7481538955479451 0.3501578553082192 0.7490457334474886 0.3752407962328767 0.7200610017123288 0.4026648116438356 0.7075752711187214 0.5591823630136986 0.7936376284246576 0.5615234375
1 0.5978792094748858 0.554500214041096 0.5978792094748858 0.3969793450342466 0.625080265410959 0.3728997217465754 0.632214968607306 0.3478167808219178 0.6674425656392694 0.3498234160958904 0.6656588898401826 0.3775818707191781 0.692414026826484 0.4016614940068493 0.6834956478310502 0.5585134845890412
1 0.49308825627853886 0.5581790453767124 0.49665560787671237 0.4009926155821918 0.5256403396118722 0.3728997217465754 0.5238566638127854 0.3548400042808219 0.566218964041096 0.3558433219178082 0.566218964041096 0.3772474315068493 0.5849475599315069 0.394972709760274 0.5836098030821918 0.5595168022260274
1 0.4877372288812785 0.5585134845890412 0.4913045804794521 0.3976482234589041 0.4649953624429224 0.3718964041095891 0.4663331192922375 0.3535022474315069 0.4239708190639269 0.3551744434931507 0.42620041381278545 0.3755752354452055 0.40212079052511424 0.4026648116438356 0.4025667094748859 0.5534968964041096
1 0.39676976312785395 0.5561724101027398 0.39498608732876717 0.3996548587328767 0.36912278824200917 0.3718964041095891 0.36823095034246583 0.3548400042808219 0.3338951912100457 0.3535022474315069 0.3330033533105023 0.374906357020548 0.3049104594748858 0.4046714469178082 0.3071400542237443 0.555837970890411
1 0.22865831906392695 0.5541657748287672 0.21082156107305935 0.4016614940068493 0.23579302226027396 0.3775818707191781 0.23267158961187215 0.3541711258561644 0.2728042950913242 0.3535022474315069 0.2781553224885845 0.3765785530821918 0.3044645405251141 0.3966449058219178 0.3080318921232877 0.5561724101027398
1 0.9942178672316384 0.3483431541313559 0.9511829096045198 0.3475155587923729 0.9506311793785311 0.374412407309322 0.9136652542372882 0.4013092558262712 0.8949064265536725 0.5622765492584746 0.9958730579096046 0.5639317399364406 0.998631709039548 0.3806193723516949 0.9920109463276837 0.3748262049788136
