1 0.250062428652968 0.1220703125 0.21617258847031962 0.0016721960616438356 0.2977757562785388 0.0003344392123287671 0.3223012985159817 0.11772260273972603
1 0.3280982448630137 0.1170537243150685 0.301789026826484 0.0006688784246575342 0.3816085188356165 0.0006688784246575342 0.3985534389269407 0.11772260273972603
1 0.4092554937214612 0.11671928510273973 0.3940942494292237 0.0006688784246575342 0.4690086329908676 0.0013377568493150684 0.4783729309360731 0.11270601455479452
1 0.4823862014840183 0.11370933219178082 0.47614333618721466 0.0013377568493150684 0.550165881849315 0.0013377568493150684 0.548828125 0.11170269691780822
1 0.5519495576484018 0.112037136130137 0.5577465039954338 0.002006635273972603 0.6348904823059361 0.0010033176369863015 0.6246343464611873 0.1130404537671233
1 0.626418022260274 0.1130404537671233 0.6348904823059361 0.003344392123287671 0.7089130279680366 0.0006688784246575342 0.6977650542237442 0.1110338184931507
1 0.7035620005707762 0.11003050085616439 0.7178314069634703 0.0013377568493150684 0.7936376284246576 0.003009952910958904 0.7695580051369862 0.10869274400684932
1 0.7735712756849314 0.1110338184931507 0.7922998715753424 0.002006635273972603 0.8725652825342465 0.0006688784246575342 0.8458101455479451 0.10802386558219178
1 0.8538366866438355 0.10467947345890412 0.8739030393835616 0.0013377568493150684 0.9425745576484018 0.002675513698630137 0.939453125 0.04414597602739726 0.9198326912100456 0.10534835188356165
1 0.9381153681506849 0.17022955907534246 0.9002122574200913 0.1986568921232877 0.9024418521689497 0.22440871147260275 0.8694438498858448 0.3023330479452055 0.8881724457762558 0.3086873929794521 0.9256296375570776 0.3053430008561644 0.9430204765981735 0.2682202482876712 0.9430204765981735 0.17056399828767124
1 0.8195009275114155 0.3090218321917808 0.8694438498858448 0.3050085616438356 0.8961989868721462 0.22006100171232879 0.8904020405251142 0.18661708047945205 0.8908479594748858 0.1729050727739726 0.8596336329908675 0.17156731592465754 0.8565122003424657 0.1842760059931507 0.8319866581050227 0.2006635273972603 0.811474386415525 0.2749090325342466
1 0.7370059218036529 0.3066807577054795 0.795867223173516 0.3080185145547945 0.8284193065068494 0.2003290881849315 0.8154876569634703 0.17758722174657535 0.8163794948630136 0.1732395119863014 0.7887325199771689 0.17257063356164384 0.7833814925799086 0.1812660530821918 0.7588559503424657 0.1933058647260274
1 0.6799282962328766 0.3096907106164384 0.7321008133561643 0.3110284674657534 0.757072274543379 0.1976535744863014 0.7423569492009131 0.17959385702054795 0.7419110302511416 0.1729050727739726 0.7160477311643835 0.1739083904109589 0.7133722174657534 0.17859053938356165 0.6892925941780822 0.19196810787671234 0.6781446204337899 0.2732368364726028
1 0.6433629423515982 0.1759150256849315 0.6384578339041096 0.18260380993150685 0.6170537243150686 0.1912992294520548 0.607689426369863 0.3026674871575343 0.6108108590182649 0.3120317851027397 0.6696721603881278 0.3080185145547945 0.6817119720319634 0.1983224529109589 0.6647670519406393 0.18059717465753425 0.6629833761415526 0.17357395119863014
1 0.574691424086758 0.1769183433219178 0.5706781535388128 0.1829382491438356 0.5434770976027398 0.19464362157534246 0.5434770976027398 0.3096907106164384 0.606351669520548 0.3123662243150685 0.6148241295662101 0.19196810787671234 0.5960955336757991 0.1812660530821918 0.5952036957762558 0.1759150256849315
1 0.47525149828767127 0.3150417380136986 0.47391374143835624 0.2117000214041096 0.49398009417808225 0.19464362157534246 0.49041274257990874 0.17859053938356165 0.5260862585616438 0.1772527825342466 0.5234107448630138 0.19263698630136986 0.5408015839041096 0.20601455479452055 0.5421393407534246 0.2310974957191781 0.5385719891552512 0.3123662243150685
1 0.4132687642694064 0.3137039811643836 0.40033711472602745 0.2177199272260274 0.4172820348173516 0.1943091823630137 0.41639019691780826 0.1792594178082192 0.4498341181506849 0.18059717465753425 0.4525096318493151 0.19999464897260275 0.46722495719178087 0.209693386130137 0.477035174086758 0.3140384203767123
1 0.34771867865296807 0.3137039811643836 0.3303278396118721 0.21705104880136986 0.34102989440639275 0.2023357234589041 0.34058397545662106 0.18360712756849315 0.37625749143835624 0.1802627354452055 0.3767034103881279 0.19598137842465754 0.3985534389269407 0.2147099743150685 0.41148508847031967 0.3123662243150685
1 0.2857359446347032 0.3163794948630137 0.2612104023972603 0.2187232448630137 0.2705747003424657 0.2013324058219178 0.2723583761415525 0.1829382491438356 0.3000053510273973 0.1819349315068493 0.3066941352739726 0.2003290881849315 0.3272064069634703 0.21537885273972604 0.3468268407534247 0.3143728595890411
1 0.36510951769406397 0.4832646618150685 0.34504316495433796 0.4013270547945206 0.359312571347032 0.3882839255136986 0.35842073344748865 0.3665453767123288 0.3758115724885845 0.361863227739726 0.3860677083333333 0.3708930864726028 0.3856217893835617 0.3809262628424658 0.40301262842465757 0.3892872431506849 0.42218714326484025 0.4852712970890411 0.3686768692922375 0.4866090539383562
1 0.4217412243150685 0.48594017551369867 0.41416060216894984 0.3953071489726028 0.4270922517123288 0.3799229452054795 0.43021368436073065 0.3645387414383562 0.4525096318493151 0.3628665453767123 0.45429330764840187 0.3795885059931507 0.4743596603881279 0.3946382705479452 0.4810484446347032 0.4876123715753425
1 0.48194028253424664 0.4856057363013699 0.477035174086758 0.3896216823630137 0.4935341752283105 0.3772474315068493 0.49665560787671237 0.3625321061643836 0.5136005279680366 0.360525470890411 0.5238566638127854 0.3725652825342466 0.5430311786529681 0.3926316352739726 0.5399097460045662 0.483933540239726
1 0.5439230165525114 0.4832646618150685 0.5465985302511416 0.3916283176369863 0.5622056934931507 0.3785851883561644 0.567556720890411 0.3611943493150685 0.5889608304794521 0.3591877140410959 0.5925281820776256 0.3789196275684932 0.606351669520548 0.3899561215753425 0.6010006421232877 0.4852712970890411
1 0.6010006421232877 0.4819269049657534 0.6152700485159818 0.3879494863013699 0.6344445633561644 0.3735686001712329 0.6433629423515982 0.3565122003424658 0.6634292950913242 0.3555088827054795 0.6656588898401826 0.3772474315068493 0.6776987014840182 0.3936349529109589 0.6598619434931507 0.482595783390411
1 0.6781446204337899 0.4762414383561644 0.7008864868721462 0.3822640196917808 0.7191691638127854 0.3742374785958904 0.7263038670091323 0.3585188356164384 0.744140625 0.3581843964041096 0.7485998144977168 0.3675486943493151 0.7459243007990867 0.3785851883561644 0.7588559503424657 0.3979826626712329 0.7361140839041096 0.4832646618150685 0.6799282962328766 0.4846024186643836 0.6754691067351598 0.4792513912671233
1 0.7517616421568628 0.4836282169117647 0.7900582107843137 0.4827665441176471 0.8272058823529411 0.3908547794117647 0.8172487745098039 0.37735523897058826 0.8183976715686274 0.35926011029411764 0.7927389705882354 0.35724954044117646 0.7854626225490197 0.3727596507352941 0.76171875 0.38855698529411764 0.7452512254901961 0.4655330882352941
1 0.7969515931372549 0.48133042279411764 0.8298866421568628 0.38367417279411764 0.8513327205882354 0.3704618566176471 0.8635876225490197 0.3561006433823529 0.8846507352941176 0.35724954044117646 0.8808210784313726 0.3762063419117647 0.8934589460784315 0.39200367647058826 0.8520986519607843 0.483053768382353
1 0.8643535539215687 0.4658203125 0.8953737745098039 0.3799402573529412 0.9195006127450981 0.3655790441176471 0.9321384803921569 0.3512178308823529 0.9585631127450981 0.3566750919117647 0.9516697303921569 0.37218520220588236 0.9589460784313726 0.38884420955882354 0.9122242647058824 0.4827665441176471 0.8666513480392157 0.4836282169117647
0 0.16859208776595747 0.3643928690159574 0.14539007092198586 0.370106798537234 0.15127714982269508 0.3875083111702127 0.1391566932624114 0.4007542386968085 0.17863475177304966 0.49477435172872336 0.22746287677304966 0.49035904255319146 0.22677027925531915 0.4407517453457446 0.20149046985815608 0.3830930019946808 0.1803662455673759 0.3765999002659574
0 0.11941766400709225 0.48750207779255317 0.07578402039007097 0.4007542386968085 0.08097850177304969 0.386469414893617 0.07509142287234047 0.36958735039893614 0.1003712322695036 0.36543176529255317 0.11076019503546104 0.3791971409574468 0.13500110815602842 0.3908847240691489 0.1744791666666667 0.4913979388297872 0.12011026152482274 0.492436835106383
0 0.06227836879432628 0.4893201462765957 0.0027149822695035964 0.39737782579787234 0.013103945035461043 0.382573553856383 0.011026152482269553 0.3664706615691489 0.03630596187943267 0.3643928690159574 0.04427083333333338 0.3753012799202127 0.07024324024822699 0.38672913896276595 0.11664727393617026 0.49035904255319146
0 0.08187410201149423 0.11947737068965517 0.039219647988505725 0.01817304238505747 0.04483207614942527 0.0007745150862068941 0.1207869372605364 0.0007745150862068941 0.15595815373563218 0.11863550646551724
0 0.1615705818965517 0.11863550646551724 0.23677711925287356 0.11863550646551724 0.22929388170498086 0.059705010775862065 0.21058578783524903 0.0016163793103448252 0.12378023227969348 0.0016163793103448252
