0 0.257884837962963 0.21394856770833334 0.06872106481481473 0.15733506944444448
0 0.30761718750000006 0.21055772569444445 0.07052951388888884 0.17496744791666669
0 0.3763382523148149 0.20852322048611113 0.07776331018518512 0.1925998263888889
0 0.452293113425926 0.2064887152777778 0.09946469907407396 0.19938151041666666
0 0.5445240162037037 0.20784505208333331 0.11031539351851845 0.22650824652777776
0 0.6575520833333334 0.1969943576388889 0.1482928240740741 0.26448567708333337
0 0.7958984375 0.19224717881944445 0.1826533564814814 0.2902560763888889
0 0.9280779803240741 0.18189832899305555 0.14319299768518512 0.3373752170138889
0 0.871853298611111 0.7456325954861112 0.2513744212962963 0.4503038194444444
0 0.7154224537037037 0.6866319444444445 0.20616319444444434 0.40283203125000006
0 0.5915436921296297 0.6317003038194444 0.15371817129629628 0.3607855902777778
0 0.48846209490740744 0.5971137152777778 0.12839988425925922 0.32958984375
0 0.3889973958333334 0.5638834635416667 0.10669849537037039 0.30110677083333337
0 0.3211805555555556 0.5401475694444444 0.10127314814814807 0.2699110243055555
