1 0.8493365119485293 0.12687772863051472 0.061992570465686146 0.11129940257352941
1 0.9106110217524509 0.12463378906250003 0.06342869178921558 0.1129150390625
1 0.8395230162377452 0.3009176815257353 0.0543332567401961 0.08132036994485298
1 0.8973268995098039 0.29894301470588236 0.05265778186274517 0.07988424862132354
1 0.9541733685661763 0.2975068933823529 0.0548119638480391 0.0802432789522059
1 0.9270067401960785 0.5816794002757354 0.0555300245098039 0.10609346277573528
1 0.8719554227941176 0.5827564912683824 0.056966145833333336 0.10501637178308809
1 0.8169041053921569 0.58392333984375 0.05409390318627446 0.10519588694852944
1 0.7636479396446078 0.5849106732536765 0.054333256740195957 0.10465734145220584
1 0.7066817938112745 0.586346794577206 0.05241842830882352 0.10609346277573528
1 0.6539043351715685 0.5863467945772058 0.05265778186274509 0.10501637178308831
1 0.5981349571078431 0.590475643382353 0.057444852941176405 0.09927188648897056
1 0.539373659620098 0.5920015222886029 0.060556449142156854 0.09909237132352922
0 0.47474820006127444 0.5919117647058824 0.05624808517156862 0.10034897748161753
0 0.41718367034313725 0.5925400677849264 0.05744485294117648 0.09909237132352944
0 0.35806334252450983 0.5940659466911764 0.05600873161764708 0.09639964384191169
0 0.30408911611519607 0.5944249770220588 0.057684206495098055 0.0971177045036764
0 0.24867876838235292 0.5941557042738971 0.06414675245098038 0.09873334099264697
0 0.2520297181372549 0.7460255342371322 0.05553002450980393 0.09478400735294112
1 0.5306372549019608 0.7370497759650735 0.05888097426470592 0.10914522058823528
1 0.5860476026348039 0.7357931698069853 0.05672679227941176 0.10806812959558831
1 0.6430137484681372 0.7357034122242646 0.058162913602941124 0.10752958409926472
1 0.699261833639706 0.7347160788143383 0.05385454963235281 0.10842715992647056
1 0.7567066865808822 0.7337287454044118 0.055290670955882394 0.10752958409926472
1 0.8133138020833334 0.7331004423253676 0.0555300245098039 0.10878619025735303
1 0.871117685355392 0.7324721392463235 0.058162913602941124 0.11111988740808809
1 0.9286822150735293 0.7322926240808824 0.059359681372549065 0.1104018267463236
1 0.9095339307598037 0.9038193646599264 0.06654028799019611 0.1454072840073528
1 0.8334195006127451 0.9029217888327206 0.06223192401960779 0.1472024356617645
1 0.7671185661764706 0.9039988798253676 0.0607958026960785 0.1428940716911764
1 0.7037016458735134 0.9039206582991803 0.06273417409996777 0.14528368340163933
1 0.6431739936440678 0.9046651549258475 0.05986272951977386 0.14172570180084743
1 0.579449152542373 0.904251357256356 0.05875926906779657 0.1408981064618644
0 0.3914470780367232 0.9048720537605932 0.06179378531073443 0.14131190413135586
0 0.32965329272598876 0.9056996490995763 0.062345515536723184 0.13924291578389836
0 0.2655146539548023 0.9054927502648306 0.05986272951977404 0.14462228548728806
0 0.20744504766949157 0.9066306938559323 0.06786281779661019 0.14193260063559332
0 0.14344434145480228 0.9069410421080508 0.07006973870056499 0.14172570180084743
0 0.08427127471751412 0.906837592690678 0.07917328742937856 0.1419326006355932
0 0.03640867761299436 0.7457668498411018 0.06455243644067797 0.09827694650423724
0 0.08951271186440679 0.7454565015889831 0.060414459745762726 0.09724245233050854
0 0.14206501588983053 0.7453530521716103 0.05737994350282488 0.0999321371822034
0 0.19903116172316385 0.7456634004237288 0.057655808615819204 0.09724245233050854
1 0.9714534781073446 0.9040444584216103 0.05379369703389836 0.1442084878177966
0 0.19365179201977403 0.5945238016419492 0.05627648305084746 0.0999321371822034
