0 0.7026098901098901 0.5461436711436711 0.7035637973137973 0.43243793243793244 0.7216880341880342 0.4029304029304029 0.7235958485958486 0.3721509971509971 0.7537393162393162 0.3713878713878714 0.7520222832722833 0.3983516483516483 0.7686202686202686 0.42887667887667885 0.7638507326007326 0.5476699226699226
1 0.9049940898345153 0.8716720139592481 0.9139648767308342 0.6873311381290106 0.9321702971968928 0.6729075199819881 0.9319064505234718 0.647226443768997 0.9429880108071598 0.6423013058651357 0.9611934312732184 0.6510961949791737 0.9601380445795339 0.6753700889339187 0.973330378250591 0.6964778228076101 0.9683172914555893 0.8720238095238095
1 0.9725388382303275 0.8748381740403017 0.9741219182708544 0.6964778228076101 0.9691088314758527 0.686979342564449 0.9865227119216481 0.6693895643363729 0.9867865585950693 0.6408941236068896 0.9991873522458629 0.6408941236068896 0.9991873522458629 0.8780043341213555
1 0.8385047281323876 0.8720238095238095 0.8477393617021276 0.6598910840932117 0.8553909152313407 0.649337217156366 0.8677917088821344 0.6458192615107509 0.8693747889226613 0.616972025216706 0.8796648091860858 0.6106397050545987 0.8970786896318811 0.6176756163458291 0.8960233029381965 0.6458192615107509 0.910007176629517 0.6588356973995272 0.9139648767308342 0.6757218844984803 0.9026194697737251 0.8773007429922324
1 0.7809861533265788 0.8744863784757403 0.8348108747044917 0.8744863784757403 0.8456285883147585 0.6683341776426883 0.8274231678486997 0.6451156703816279 0.8258400878081729 0.6173238207812677 0.7997192671394798 0.6152130473938985 0.7965531070584262 0.6447638748170663 0.7830969267139479 0.6542623550602275 0.7801946133063153 0.6739629066756726 0.77201536643026 0.8484535066981876
0 0.7005129179331306 0.8653396937971407 0.702887537993921 0.7524133175728921 0.7113306315433975 0.7116050320837556 0.7055260047281324 0.6743147022402342 0.7086921648091861 0.6556695373184734 0.7250506585612968 0.6377279635258359 0.7282168186423505 0.6152130473938985 0.740353765619723 0.6081771361026681 0.7559207193515703 0.6145094562647754 0.7540737926376223 0.6373761679612743 0.7548653326578858 0.6444120792525048 0.7699045930428908 0.6644644264325116 0.7741261398176291 0.6806470224023415 0.7659468929415737 0.7186409433749861 0.764627659574468 0.7390450861195542 0.7714876730834178 0.7640225712034224 0.7672661263086794 0.8730791962174941 0.6991936845660249 0.8737827873466172
0 0.6303297028031071 0.8713202183946865 0.6324404761904762 0.7738728470111449 0.6303297028031071 0.7538204998311382 0.6361343296183721 0.7235660812788473 0.6305935494765281 0.6845167736125184 0.6332320162107395 0.6627054486097039 0.6506458966565349 0.6387833502195204 0.650909743329956 0.6116950917482833 0.6754474839581223 0.6127504784419678 0.6780859506923337 0.6408941236068896 0.6965552178318135 0.6662234042553191 0.6960275244849712 0.6950706405493641 0.6902228976697061 0.7218071034560397 0.6941805977710233 0.756283068783069 0.6928613644039175 0.7981467409658899 0.6939167510976021 0.8720238095238095
0 0.5585634076325565 0.8663950804908253 0.5625211077338736 0.7534687042665767 0.5712280479567713 0.7239178768434089 0.5646318811212429 0.671500337723742 0.5841565349544073 0.6384315546549589 0.5849480749746706 0.6102879094900372 0.6100135089496791 0.6123986828774063 0.6097496622762579 0.6412459191714511 0.6287466227625801 0.6662234042553191 0.6287466227625801 0.7066798941798943 0.6234696892941572 0.7253250591016549 0.6295381627828436 0.7682441179781606 0.6279550827423168 0.8727274006529326
0 0.4957678993583248 0.8695612405718789 0.49787867274569403 0.7545240909602613 0.5047386862546437 0.7249732635370935 0.4986702127659574 0.6774808623212879 0.5028917595406956 0.6598910840932117 0.5179310199257007 0.6377279635258359 0.5195140999662277 0.6106397050545987 0.5440518405943937 0.6099361139254756 0.5456349206349206 0.6384315546549589 0.5651595744680851 0.6676305865135652 0.5617295677136103 0.7031619385342791 0.5572441742654508 0.7218071034560397 0.563048801080716 0.7633189800742992 0.5619934143870314 0.8706166272655635
0 0.4282231509625126 0.8670986716199482 0.43323623775751435 0.655317741753912 0.449330884836204 0.6359689857030283 0.4506501182033097 0.6078253405381064 0.4775624788922661 0.6095843183609141 0.47729863221884494 0.6324510300574131 0.4931294326241134 0.6560213328830351 0.4939209726443769 0.8688576494427559
0 0.36621918270854437 0.8667468760553868 0.36780226274907124 0.783371327254306 0.36621918270854437 0.6563731284475965 0.3820499831138129 0.6306920522346054 0.38125844309354945 0.606769953844422 0.40922619047619047 0.6064181582798605 0.40975388382303274 0.6282294832826747 0.42584853090172237 0.6539105594956659 0.42611237757514353 0.8678022627490712
0 0.28732902735562305 0.8544340312957336 0.28600979398851734 0.7731692558820219 0.2949805808848362 0.7548758865248227 0.2875928740290442 0.7439702240234156 0.28706518068220194 0.6577803107058426 0.30632598784194526 0.6380797590903974 0.30738137453562986 0.607473544973545 0.3311275751435326 0.6043073848924913 0.33218296183721713 0.6356171901384667 0.3501245356298548 0.6567249240121581 0.3472222222222222 0.7524133175728921 0.3514437689969605 0.8670986716199482
0 0.22163120567375885 0.8554894179894181 0.22110351232691655 0.7770390070921988 0.22743583248902396 0.7453774062816617 0.22242274569402226 0.6595392885286503 0.23983662613981763 0.6328028256219745 0.24010047281323876 0.6046591804570528 0.2654297534616683 0.6036037937633683 0.266748986828774 0.6342100078802206 0.2849544072948328 0.6546141506247889 0.28600979398851734 0.7450256107171 0.281524400540358 0.7541722953956997 0.2849544072948328 0.7661333445907914 0.28732902735562305 0.8554894179894181
0 0.16041877744005403 0.8583037825059102 0.1564610773387369 0.7225106945851627 0.16754263762242486 0.7137158054711247 0.17070879770347852 0.6799434312732185 0.19735731171901383 0.6806470224023415 0.20052347180006755 0.7059763030507712 0.21318811212428232 0.7203999211977936 0.218201198919284 0.8509160756501183
0 0.09841480918608578 0.8558412135539796 0.09498480243161093 0.8157365191939661 0.09973404255319149 0.8048308566925589 0.09392941573792636 0.7211035123269167 0.10791328942924687 0.7070316897444557 0.10659405606214116 0.6813506135314648 0.13561719013846674 0.6778326578858495 0.13957489023978384 0.7042173252279635 0.15382261060452548 0.7203999211977936 0.1564610773387369 0.8576001913767872
