0 0.0 0.8781599059376838 0.0006889329805996472 0.6613756613756614 0.009989528218694886 0.6475970017636685 0.006889329805996473 0.621876837154615 0.03961364638447972 0.617743239271017 0.039958112874779544 0.6397890946502058 0.0568369708994709 0.6645906819517932 0.05132550705467372 0.6847993827160495 0.05545910493827161 0.7408325984714874 0.06028163580246914 0.8790784832451499
0 0.05890376984126984 0.8790784832451499 0.05477017195767196 0.762878453850676 0.06372630070546738 0.7325654027042916 0.05201444003527337 0.6944444444444444 0.05855930335097002 0.6673464138741917 0.07302689594356261 0.6466784244562023 0.07199349647266313 0.621876837154615 0.10230654761904762 0.6191211052322164 0.10437334656084657 0.6489748677248677 0.12159667107583774 0.6705614344503233 0.12641920194003528 0.8813749265138154
0 0.1267636684303351 0.8804563492063492 0.12435240299823634 0.7541519694297473 0.12917493386243387 0.7316468253968254 0.1209077380952381 0.6861772486772487 0.13055279982363316 0.6590792181069959 0.14054232804232805 0.6462191358024691 0.13881999559082894 0.6209582598471488 0.16809964726631393 0.621876837154615 0.17016644620811286 0.6498934450323339 0.19255676807760141 0.6733171663727219 0.18807870370370372 0.7192460317460317 0.1984126984126984 0.8799970605526162
0 0.19875716490299825 0.8809156378600824 0.1994460978835979 0.7596634332745443 0.20564649470899474 0.7394547325102881 0.19427910052910055 0.6889329805996474 0.2156360229276896 0.6462191358024691 0.21908068783068785 0.617283950617284 0.2435378086419753 0.6131503527336861 0.2449156746031746 0.6384112286890065 0.26248346560846564 0.6664278365667254 0.27178406084656087 0.8763227513227513
1 0.2724729938271605 0.8767820399764845 0.2666170634920635 0.6673464138741917 0.27901785714285715 0.6508120223398002 0.28590718694885364 0.6480562904174015 0.28418485449735453 0.6182025279247502 0.3103643077601411 0.6145282186948854 0.31243110670194 0.640707671957672 0.3279320987654321 0.6535677542621987 0.33206569664902996 0.673776455026455 0.3341324955908289 0.8767820399764845
1 0.339988425925926 0.8758634626690183 0.33723269400352734 0.6627535273368607 0.3551449514991182 0.6425448265726044 0.3568672839506173 0.6131503527336861 0.3833912037037037 0.6131503527336861 0.38304673721340393 0.6397890946502058 0.4006145282186949 0.6599977954144621 0.40130346119929455 0.8731077307466196
1 0.404403659611993 0.8772413286302175 0.4047481261022928 0.6981187536743093 0.4212825176366843 0.6714800117577896 0.4181823192239859 0.6434634038800706 0.4422949735449736 0.6379519400352734 0.44642857142857145 0.6659685479129923 0.4574514991181658 0.6852586713697825 0.46227402998236333 0.7031709288653734 0.46089616402116407 0.8758634626690183
1 0.46296296296296297 0.8758634626690183 0.46571869488536155 0.6838808054085832 0.4822530864197531 0.6659685479129923 0.48156415343915343 0.6347369194591417 0.5070546737213404 0.6384112286890065 0.5077436067019401 0.6655092592592593 0.519455467372134 0.6875551146384481 0.5201444003527337 0.8726484420928866
1 0.5191110008818343 0.870351998824221 0.5232445987654321 0.6847993827160495 0.5387455908289241 0.6673464138741917 0.5401234567901235 0.6416262492651381 0.5621693121693122 0.6379519400352734 0.5635471781305115 0.6719393004115227 0.5776703042328043 0.6847993827160495 0.5814594356261023 0.8708112874779542
1 0.5807705026455027 0.8721891534391535 0.5807705026455027 0.7128159905937684 0.5959270282186949 0.6820436507936508 0.5962714947089948 0.6430041152263375 0.6245177469135803 0.6471377131099354 0.6224509479717812 0.6870958259847149 0.6396742724867726 0.720164609053498 0.6376074735449736 0.8712705761316872
1 0.6424300044091711 0.8666776895943563 0.6431189373897708 0.7054673721340389 0.6572420634920635 0.6806657848324515 0.658275462962963 0.6388705173427396 0.6868661816578483 0.6420855379188712 0.6861772486772487 0.6838808054085832 0.7027116402116402 0.7146531452087008 0.701333774250441 0.869433421516755
2 0.8401537698412699 0.8579512051734274 0.8473875661375662 0.7389954438565549 0.8494543650793651 0.7210831863609641 0.8501432980599647 0.645759847148736 0.8687444885361553 0.6250918577307466 0.8694334215167548 0.6021274250440918 0.8983686067019401 0.6007495590828924 0.8987130731922399 0.6306033215755439 0.9155919312169313 0.6563234861845973 0.9152474647266314 0.8565733392122281
2 0.9131806657848326 0.8528990299823634 0.9145585317460317 0.6443819811875368 0.9255814594356262 0.6246325690770135 0.927992724867725 0.5966159611992946 0.9576168430335098 0.5975345385067607 0.9579613095238095 0.6209582598471488 0.9731178350970018 0.654486331569665 0.9731178350970018 0.7215424750146971 0.9717399691358025 0.8565733392122281
