2 0.8034680886243387 0.3622134038800706 0.8308531746031746 0.11695326278659612 0.853587962962963 0.07286155202821869 0.8603050595238095 0.04461529982363315 0.8995742394179894 0.04461529982363315 0.8954406415343916 0.07906194885361552 0.9083581349206349 0.11557539682539683 0.8876901455026456 0.36910273368606705
2 0.8856233465608466 0.36910273368606705 0.910424933862434 0.10868606701940035 0.9264426256613757 0.0818176807760141 0.9305762235449736 0.05357142857142856 0.9672619047619048 0.05150462962962962 0.9610615079365079 0.08043981481481481 0.9801793981481481 0.12522045855379188 0.9481440145502646 0.3718584656084656
2 0.8484209656084657 0.6811893738977073 0.8685722552910053 0.5158454585537919 0.8840732473544974 0.490354938271605 0.8923404431216932 0.45866402116402116 0.9264426256613757 0.4703758818342152 0.9274760251322751 0.5055114638447972 0.9357432208994709 0.5378913139329806 0.9140418320105821 0.7059909611992946 0.8556547619047619 0.7094356261022928
2 0.9124917328042329 0.7004794973544973 0.9409102182539683 0.5192901234567902 0.9527943121693122 0.5082671957671958 0.9636450066137567 0.4669312169312169 0.9853463955026456 0.4676201499118166 0.9837962962962964 0.6694775132275133 0.9734623015873016 0.6997905643738979
1 0.10477470558115722 0.7152137736815157 0.09197388632872508 0.5354689366786141 0.10917498719918077 0.5136008704557091 0.10917498719918077 0.44266299709848095 0.1455773169482847 0.44266299709848095 0.14797747055811575 0.5082671957671957 0.168778801843318 0.5333354668032088 0.1779793906810036 0.7194807134323264
1 0.17837941628264212 0.7152137736815157 0.169578853046595 0.5365356716163167 0.18717997951868923 0.4970664789213176 0.1847798259088582 0.44212962962962954 0.22118215565796215 0.44319636456733225 0.2251824116743472 0.49973331626557427 0.2443836405529954 0.5258683222392899 0.24878392217101897 0.7146804062126644
1 0.24558371735791096 0.7141470387438129 0.24518369175627244 0.5397358764294248 0.2607846902201741 0.5082671957671957 0.2587845622119816 0.445863201911589 0.29478686635944706 0.44853003925584567 0.29478686635944706 0.5029335210786823 0.3151881720430108 0.5360023041474654 0.31638824884792627 0.7146804062126644 0.250384024577573 0.715747141150367
1 0.31838837685611887 0.7114802013995563 0.31758832565284184 0.5328020993343573 0.3363895289298516 0.5082671957671957 0.3363895289298516 0.4479966717869943 0.36999167946748596 0.4501301416623997 0.3691916282642089 0.5066670933606418 0.3883928571428572 0.5445361836490868 0.38639272913466466 0.7109468339307049
1 0.3903929851510497 0.712546936337259 0.3903929851510497 0.5354689366786141 0.4075940860215054 0.508800563236047 0.4103942652329749 0.4469299368492916 0.4431963645673323 0.44853003925584567 0.4391961085509473 0.504000256016385 0.45959741423451106 0.5413359788359787 0.457997311827957 0.712546936337259
1 0.4575972862263185 0.7109468339307049 0.45999743983614955 0.5386691414917221 0.4795986943164363 0.5125341355180064 0.48079877112135183 0.45386371394435904 0.5100006400409627 0.45333034647550774 0.5088005632360472 0.5098672981737498 0.5296018945212494 0.5450695511179382 0.5200012800819254 0.712546936337259
1 0.5208013312852022 0.7088133640552996 0.5280017921146953 0.532268731865506 0.5452028929851511 0.5125341355180064 0.547603046594982 0.45226361153780503 0.5788050435227855 0.45759728622631846 0.5760048643113159 0.5173344427376685 0.5920058883768561 0.5456029185867896 0.5836053507424475 0.7082799965864482
1 0.15117767537122379 0.34185654548557776 0.13237647209421405 0.05117127496159752 0.15957821300563238 0.024502901519030517 0.1611783154121864 0.0010347328895715677 0.1999807987711214 0.0021014678272742475 0.2023809523809524 0.02983657620754392 0.22358230926779318 0.049571172555043494 0.22838261648745523 0.07837301587301584 0.2355830773169483 0.3434566478921317
1 0.23958333333333337 0.3493236900494965 0.2347830261136713 0.10504138931558284 0.252784178187404 0.07730628093531317 0.25358422939068104 0.03036994367639526 0.2911866359447005 0.03197004608294928 0.292386712749616 0.07463944359105647 0.31278801843317977 0.10504138931558284 0.3159882232462878 0.35145715992490184
1 0.31958845366103433 0.35252389486260455 0.3215885816692269 0.10930832906639355 0.3435899897593446 0.07463944359105647 0.3435899897593446 0.04370413039767875 0.37759216589861755 0.04583760027308412 0.375592037890425 0.08210658815497522 0.39559331797235026 0.11197516641065025 0.3915930619559652 0.35145715992490184
1 0.3991935483870968 0.3541239972691585 0.40479390681003585 0.11144179894179893 0.4243951612903226 0.08424005803038058 0.42479518689196116 0.05223800989930019 0.45879736303123403 0.048504437617340815 0.45839733742959554 0.09490740740740738 0.4759984639016897 0.11570873869260963 0.4707981310803892 0.35839093701996927 0.4035938300051204 0.3562574671445639
1 0.4739983358934972 0.3567908346134152 0.47679851510496674 0.16904548557774363 0.500800051203277 0.12050904591227168 0.5068004352278546 0.06023852193207029 0.5412026369687661 0.06450546168288102 0.542002688172043 0.12210914831882572 0.5592037890424988 0.17224569039085164 0.5500032002048132 0.35892430448882057
1 0.5568036354326676 0.35892430448882057 0.5640040962621607 0.24851723843659324 0.5620039682539683 0.1674453831711896 0.5876056067588327 0.12104241338112302 0.5896057347670252 0.06823903396484039 0.6240079365079365 0.07037250384024575 0.621207757296467 0.12957629288274447 0.6388088837685613 0.17384579279740564 0.6340085765488992 0.2319828469022017 0.6288082437275986 0.36265787677077993 0.5600038402457758 0.36212450930192863
1 0.12237583205325143 0.9584293394777267 0.12277585765488995 0.9013590203106333 0.1335765488991296 0.8362881891107697 0.12877624167946752 0.7866850145075952 0.1607782898105479 0.7850849121010411 0.16997887864823352 0.8538893155828641 0.18717997951868923 0.9152265745007682 0.18958013312852026 0.9530956647892133
1 0.2171818996415771 0.9536290322580646 0.21958205325140812 0.8970920805598226 0.22958269329237074 0.8304211469534051 0.22958269329237074 0.7829514422256358 0.2583845366103431 0.7813513398190818 0.2631848438300051 0.8416218637992832 0.2775857654889913 0.9194935142515788 0.2795858934971839 0.9450951527564431
1 0.2975870455709166 0.9498954599761051 0.2979870711725551 0.8954919781532685 0.3103878648233487 0.8389550264550265 0.3139880952380953 0.7802846048813791 0.33758960573476704 0.7813513398190818 0.3411898361495136 0.8213538999829323 0.35359062980030725 0.8821577914319851 0.3559907834101383 0.9450951527564431
1 0.3603910650281618 0.9418949479433351 0.35919098822324635 0.8832245263696877 0.37159178187404 0.8314878818911077 0.3751920122887865 0.7829514422256358 0.3979934715821813 0.7840181771633385 0.4055939580133129 0.85228921317631 0.4155945980542755 0.9034924901860387 0.41079429083461344 0.9424283154121864
1 0.4171947004608295 0.943495050349889 0.42079493087557607 0.8949586106844172 0.4335957501280083 0.8373549240484726 0.43759600614439326 0.7802846048813791 0.46319764464925756 0.7813513398190818 0.4627976190476191 0.8250874722648917 0.46919802867383514 0.8677568697729988 0.47519841269841273 0.9237604540023895 0.47439836149513576 0.9445617852875918
1 0.4755984383000512 0.9418949479433351 0.4771985407066053 0.8810910564942823 0.48719918074756785 0.8389550264550265 0.4927995391705069 0.7786845024748251 0.5204013056835638 0.7792178699436765 0.5176011264720942 0.8304211469534051 0.5236015104966719 0.8730905444615122 0.5268017153097798 0.940294845536781
