1 0.9911975383373688 0.9466639763249934 0.9991844901802529 0.7801990852838311 0.9777458299704063 0.7387229844856964 0.98405131826742 0.6910815173527037 0.9495813155770783 0.6894000538068336 0.9441165590529997 0.7381624966370729 0.9281426553672316 0.7661868890682451 0.9197353376378801 0.9483454398708636
1 0.9193149717514124 0.9466639763249934 0.9273019235942965 0.7454488386691777 0.9138502152273339 0.7168639583893821 0.9113280199085284 0.68883956595821 0.8819024078557977 0.6826741996233522 0.8802209443099274 0.7157429826921352 0.8629859429647565 0.7325576181508385 0.85541935700834 0.9399381221415121
1 0.8520564299165995 0.9382566585956417 0.8583619182136131 0.7392834723343198 0.8449102098466506 0.7174244462380056 0.8444898439601829 0.6821137117747287 0.8154845977939198 0.6787507846829881 0.811280938929244 0.7163034705407587 0.7906830104923325 0.7342390816967089 0.7860589857411892 0.943861537081876
1 0.7843775221953189 0.9416195856873824 0.7944663034705408 0.7353600573939557 0.77723130212537 0.7135010312976415 0.77723130212537 0.6804322482288585 0.7494871536185096 0.6781902968343647 0.7457038606403014 0.7084566406600306 0.7318317863868711 0.7297551789077213 0.7230041027710519 0.9152766568020805 0.7398187382297552 0.9444220249304995
1 0.7213226392251815 0.9399381221415121 0.7267873957492602 0.7095776163572773 0.7179597121334409 0.6865976145637163 0.7040876378800107 0.6781902968343647 0.7061894673123487 0.646802977311452 0.6788656846919559 0.6490449287059457 0.6771842211460856 0.6720249304995067 0.6649936104385257 0.6877185902609633 0.6553251950497713 0.7291946910590978 0.6519622679580307 0.9309703165635369
1 0.6464975114339521 0.9304098287149135 0.64859934086629 0.6927629808985741 0.6326254371805219 0.6759483454398709 0.6330458030669895 0.6411980988252175 0.6128682405165456 0.6389561474307237 0.599416532149583 0.6479239530086988 0.601518361581921 0.6742668818940005 0.5838629943502824 0.6978073715361851 0.5834426284638149 0.7975742085911578 0.5834426284638149 0.8171912832929783 0.5809204331450094 0.8368083579947988 0.5783982378262039 0.9270469016231729
0 0.5687298224374495 0.9276073894717962 0.5741945789615281 0.7958927450452875 0.5670483588915791 0.752174692852659 0.5737742130750605 0.700049322930679 0.5548577481840193 0.6591337099811676 0.553176284638149 0.6372746838848534 0.5262728679042238 0.6361537081876065 0.5254321361312886 0.6636176127701552 0.5052545735808447 0.6955654201416913 0.5052545735808447 0.7359205452425792 0.5119804277643261 0.7628239619765044 0.5027323782620393 0.7942112814994171 0.5035731100349744 0.9281678773204197
0 0.488860304008609 0.9253654380773025 0.4930639628732849 0.7914088422562999 0.48465664514393325 0.7544166442471527 0.49558615819209034 0.6955654201416913 0.46994383911756793 0.6619361492242849 0.4703642050040355 0.6383956595821003 0.4443015200430454 0.6316698053986189 0.44346078827011026 0.6692224912563896 0.4232832257196663 0.6978073715361851 0.42496468926553665 0.731997130302215 0.43000907990314763 0.7667473769168685 0.42034066451439334 0.8569859205452426 0.4178184691955878 0.9231234866828087
0 0.41655737153618505 0.9169581203479509 0.421601762173796 0.7818805488297014 0.41613700564971745 0.7482512779122948 0.4207610304008609 0.6877185902609633 0.40226493139628733 0.6596941978297911 0.400583467850417 0.6350327324903596 0.36863566047888074 0.6400771231279706 0.36737456281947806 0.6714644426508833 0.34677663438256656 0.7067751771141602 0.3585468792036588 0.7611424984306341 0.35140065913370994 0.7998161599856515 0.34971919558783965 0.9192000717424447
0 0.2803588243206887 0.9163976324993275 0.2799384584342211 0.6927629808985741 0.30389931396287323 0.6613756613756614 0.30179748453053534 0.6327907810958658 0.33248419424266873 0.6316698053986189 0.33374529190207153 0.6619361492242849 0.34929882970137205 0.6882790781095866 0.3442544390637611 0.9197605595910681
0 0.2055336965294592 0.9079903147699758 0.2076355259617971 0.6821137117747287 0.22865382028517617 0.6524078557976863 0.22949455205811134 0.6288673661555018 0.2568183346785041 0.6260649269123846 0.2614423594296475 0.6568917585866738 0.2774162631154156 0.6759483454398709 0.2774162631154156 0.9135951932562103 0.2004893058918482 0.9068693390727289
0 0.1353325934893731 0.9091112904672228 0.13407149582997033 0.6804322482288585 0.15424905838041425 0.645682001614205 0.1559305219262846 0.6232624876692674 0.1853561339790153 0.6255044390637611 0.1870375975248856 0.6518473679490628 0.20511333064299161 0.6737063940453771 0.20469296475652402 0.9102322661644696
0 0.12398271455474838 0.9063088512241054 0.1214605192359429 0.67090395480226 0.1008625907990314 0.6490449287059457 0.10002185902609624 0.6204600484261502 0.07101661285983313 0.621581024123397 0.07227771051923587 0.655770782889427 0.05294087974172713 0.6787507846829881 0.044113196125907916 0.8894942157654023
0 0.04495392789884308 0.8850103129764147 0.05336124562819471 0.6725854183481302 0.036966976055959035 0.6496054165545692 0.03570587839655629 0.6131737063940454 0.002496973365617361 0.616536633485786 0.0 0.6476100798134687 0.0029173392520849425 0.8878127522195319
