1 0.0471413874191652 0.6172839506172839 0.03673084460121498 0.4785787771898883 0.06245100921026848 0.458829365079365 0.06367577895355674 0.40692974720752495 0.10531795022535763 0.4083076131687242 0.1083798745835783 0.45469576719576715 0.13716196355085244 0.47214873603762486 0.14083627278071723 0.6117724867724867
1 0.14144865765236136 0.6103946208112874 0.14022388790907309 0.47536375661375657 0.16471928277483833 0.458829365079365 0.16655643738977072 0.40968547912992354 0.20697383891828336 0.41014476778365666 0.21003576327650403 0.4569922104644326 0.23330638839898102 0.48179379776601994 0.23636831275720166 0.6122317754262198
1 0.28107240838722325 0.6113131981187536 0.2767857142857143 0.4684744268077601 0.30005633940819126 0.43999853027630803 0.30066872427983543 0.40279614932392704 0.3410861258083481 0.40417401528512636 0.34231089555163635 0.444591416813639 0.3606824417009602 0.4652594062316284 0.3545585929845189 0.6122317754262198
1 0.6282946306094453 0.6149875073486184 0.6393175582990398 0.48363095238095233 0.6601386439349402 0.4648001175778953 0.6711615716245346 0.4197898295120517 0.7128037428963354 0.4230048500881834 0.7072922790515382 0.46434082892416223 0.7262762100725063 0.49189814814814814 0.7158656672545561 0.6209582598471487
1 0.0869464040760337 0.8708112874779541 0.06979962766999805 0.7513962375073486 0.09490740740740741 0.715571722516167 0.1004188712522046 0.6903108465608465 0.14144865765236136 0.6893922692533804 0.14267342739564962 0.7105195473251029 0.1739050558495003 0.7293503821281598 0.17880413482265337 0.8763227513227513 0.08755878894767784 0.8809156378600823
1 0.1781917499510092 0.8744855967078189 0.1757422104644327 0.7454254850088182 0.20084999020184208 0.7146531452087007 0.20146237507348622 0.6949037330981775 0.24310454634528708 0.692607289829512 0.24310454634528708 0.7146531452087007 0.27004948069762885 0.734861845972957 0.26576278659611996 0.8799970605526161
1 0.27617332941407013 0.8744855967078189 0.27249902018420535 0.7481812169312169 0.30066872427983543 0.7160310111699001 0.30373064863805604 0.6916887125220458 0.3435356652949246 0.6921480011757789 0.3441480501665687 0.7137345679012345 0.37109298451891043 0.7440476190476191 0.3661939055457574 0.8804563492063491 0.2792352537722908 0.8799970605526161
1 0.37660444836370766 0.8786191945914167 0.37660444836370766 0.7316468253968254 0.39681314912796395 0.7040895061728395 0.4023246129727611 0.6898515579071134 0.4360057809131883 0.6903108465608465 0.44090485988634137 0.7100602586713697 0.4605011757789536 0.7334839800117577 0.4549897119341564 0.8795377718988829
1 0.46784979423868317 0.8712705761316871 0.4690745639819714 0.7334839800117577 0.4898956496178718 0.7086823927101705 0.49663188320595725 0.6949037330981775 0.5364368998628258 0.692607289829512 0.5370492847344699 0.7187867430922986 0.556033215755438 0.7284318048206937 0.5462350578091318 0.8744855967078189
1 0.551134136782285 0.8763227513227513 0.5584827552420145 0.7334839800117577 0.5848153047227121 0.7164902998236331 0.5854276895943562 0.6949037330981775 0.6258450911228689 0.6921480011757789 0.6264574759945131 0.7224610523221633 0.6472785616304135 0.74864050558495 0.6350308641975309 0.8813749265138153 0.5548084460121497 0.8832120811287477
1 0.6436042524005486 0.8864271017048795 0.6491157162453458 0.739914021164021 0.6754482657260434 0.7192460317460317 0.682184499314129 0.692607289829512 0.7232142857142857 0.6949037330981775 0.7195399764844208 0.7233796296296295 0.7354619831471683 0.7449661963550852 0.7262762100725063 0.8781599059376837
1 0.7275009798157946 0.8786191945914167 0.7415858318636097 0.7353211346266901 0.7630193023711542 0.7215424750146971 0.7654688418577308 0.6999559082892416 0.8144596315892612 0.6967408877131099 0.8144596315892612 0.7238389182833627 0.8291568685087204 0.7527741034685478 0.8150720164609053 0.8795377718988829
0 0.8175215559474819 0.8781599059376837 0.8358931020968059 0.7523148148148148 0.9185650597687633 0.7440476190476191 0.9332622966882226 0.7702270723104055 0.9099916715657457 0.8763227513227513
0 0.9130535959239663 0.8767820399764843 0.9240765236135606 0.7435883303938858 0.9602072310405643 0.7426697530864197 0.9657186948853614 0.8781599059376837
