1 0.1404740338164251 0.1566453876236485 0.10783298826777087 0.3048079135035656
1 0.24183704278812973 0.1588020473890039 0.11214630779848171 0.30624568668046925
1 0.3421217218771566 0.16023982056590752 0.1078329882677709 0.31487232574189095
1 0.44510222567287777 0.16023982056590752 0.10459799861973773 0.31774787209569816
1 0.5437694099378881 0.16095870715435934 0.09704968944099374 0.3191856452726018
1 0.6418974292615597 0.1602757648953301 0.10567632850241543 0.3205515297906602
1 0.7464954278812974 0.16239648033126294 0.11214630779848177 0.31343455256498737
1 0.8500150966183574 0.16095870715435934 0.11430296756383718 0.3163100989187946
1 0.19546885783298826 0.6958103289625029 0.11214630779848171 0.4255808603634691
1 0.34050422705314015 0.705874741200828 0.111067977915804 0.43995859213250516
1 0.448337215320911 0.7123447204968943 0.10459799861973768 0.44139636530940873
1 0.5448477398205659 0.7389435242696111 0.0970496894409938 0.39970094317920396
1 0.6440540890269151 0.743256843800322 0.0992063492063492 0.39394985047158954
1 0.7448779330572808 0.7504457096848401 0.11106797791580394 0.3968253968253968
