0 0.6710123360938578 0.42838451805843103 0.6688556763285024 0.472955486542443 0.6936572636300896 0.5160886818495514 0.6742473257418908 0.8554031515988038 0.6117041925465838 0.8611542443064182 0.5847459454796411 0.8525276052449965 0.5793542960662525 0.8266476880607315 0.5815109558316081 0.6972481021394065 0.5879809351276742 0.4973976305498044 0.6160175120772946 0.4513888888888889 0.6257224810213939 0.421195652173913 0.6418974292615597 0.4140067862893949 0.6656206866804693 0.4140067862893949
0 0.49308790545203585 0.43126006441223835 0.49200957556935815 0.47151771336553944 0.46073800897170464 0.5160886818495514 0.46505132850241543 0.5664107430411778 0.4725996376811594 0.6023550724637681 0.4575030193236715 0.6555526800092017 0.4715213077984817 0.8496520588911893 0.5329861111111112 0.8539653784219001 0.5631793478260869 0.8424631930066713 0.5761193064182195 0.6799948240165632 0.5653360075914423 0.6037928456406717 0.5728843167701863 0.5347797331492984 0.5426910800552105 0.47151771336553944 0.537299430641822 0.4183201058201058 0.5157328329882678 0.41256901311249133
0 0.3798632677708764 0.43413561076604557 0.3787849378881987 0.4643288474810213 0.3475133712905452 0.5146509086726478 0.3496700310559006 0.5649729698642743 0.359375 0.5994795261099609 0.3507483609385783 0.6569904531861053 0.3582966701173223 0.7346302047389003 0.359375 0.8539653784219001 0.429466442374051 0.851089832068093 0.4672079882677708 0.8194588221762135 0.4596596790890269 0.6426127214170693 0.45103304002760525 0.59516620657925 0.4596596790890269 0.5592218771566597 0.46073800897170464 0.5002731769036117 0.4337797619047619 0.47151771336553944 0.4283881124913733 0.4154445594662986 0.3981948757763975 0.4111312399355877
0 0.2634036404416839 0.42694674488152745 0.2612469806763285 0.465766620657925 0.23105374396135264 0.5189642282033586 0.2364453933747412 0.5735996089256958 0.2493853519668737 0.6152950310559007 0.2472286922015183 0.6613037727168162 0.24615036231884058 0.7145013802622499 0.2547770013802622 0.8410254198297676 0.28928355762594893 0.8568409247757074 0.3464350414078675 0.8439009661835749 0.3626099896480331 0.8036433172302736 0.3539833505866114 0.6469260409477801 0.3388867322291235 0.5937284334023464 0.3485917011732229 0.5376552795031055 0.34427838164251207 0.49164653784219 0.3086934955141477 0.4585777547734069 0.3119284851621808 0.4111312399355877 0.2860485679779158 0.4082556935817805
0 0.5588660282953761 0.005679204048769263 0.5567093685300207 0.2788561076604555 0.5696493271221531 0.2759805613066482 0.573962646652864 0.23572291235334714 0.6440540890269151 0.2328473659995399 0.6516023982056591 0.004241430871865648
0 0.6602290372670807 0.014305843110190931 0.7346337991718427 0.01718138946399816 0.7238505003450655 0.26304060271451574 0.710910541752933 0.22997181964573268 0.6516023982056591 0.2314095928226363
0 0.4273097826086956 0.005679204048769263 0.42299646307798483 0.2831694271911663 0.5416127501725327 0.2846072003680699 0.5480827294685989 0.0013658845180584286 0.45426802967563834 0.0013658845180584286
0 0.28065691856452724 0.005679204048769263 0.28820522774327123 0.2328473659995399 0.3119284851621808 0.23572291235334714 0.3086934955141477 0.273105014952841 0.41329149413388544 0.28029388083735907 0.4089781746031746 0.0028036576949620434 0.3033018461007591 0.0028036576949620434
0 0.14263069358178054 0.005679204048769263 0.15880564182194615 0.21559408787669657 0.28065691856452724 0.21703186105360017 0.2720302795031056 0.0013658845180584286 0.16635395100069014 0.004241430871865648
0 0.8866783126293996 0.008554750402576482 0.8791300034506556 0.02868357487922705 0.873738354037267 0.09338336783988957 0.8683467046238785 0.1566453876236485 0.878051673567978 0.22565850011502184 0.8845216528640442 0.2443495514147688 0.9718663733609385 0.23859845870715435 0.9740230331262939 0.13507878997009432 0.9837280020703933 0.06750345065562456 0.992354641131815 0.027245801702323436 0.9891196514837819 0.005679204048769263 0.955691425120773 0.004241430871865648 0.9114798999309869 0.005679204048769263
1 0.011074447895100066 0.4255089717046239 0.015387767425810904 0.4686421670117322 0.00029114906832298067 0.4988354037267081 0.005682798481711523 0.6037928456406717 0.04342434437543133 0.8395876466528639 0.11675077639751553 0.8424631930066713 0.13292572463768115 0.7216902461467679 0.12429908557625949 0.6354238555325511 0.12537741545893719 0.59516620657925 0.10920246721877157 0.5534707844490453 0.10488914768806074 0.5045864964343225 0.08224422015182883 0.472955486542443 0.07146092132505176 0.4542644352426961 0.06606927191166322 0.41975787899700945 0.03587603519668737 0.4082556935817805 0.01970108695652174 0.4140067862893949
