0 0.7436434450323339 0.16807208994708997 0.7326205173427396 0.19011794532627865 0.72527189888301 0.23007605820105823 0.7087375073486184 0.24661044973544977 0.6958774250440918 0.2714120370370371 0.6940402704291594 0.3568397266313933 0.7197604350382129 0.3706183862433863 0.7840608465608465 0.36235119047619047 0.8024323927101705 0.24523258377425045 0.785898001175779 0.23420965608465613 0.7877351557907114 0.20389660493827164 0.7840608465608465 0.19287367724867727 0.7914094650205761 0.17082782186948856 0.7803865373309818 0.1584270282186949
0 0.05653695169824202 0.4368279569892473 0.0576036866359447 0.4616295442908346 0.04800307219662058 0.4760304659498208 0.07253797576378221 0.576036866359447 0.12267451783580817 0.577636968766001 0.12907492746202423 0.572036610343062 0.11414063833418672 0.4688300051203277 0.09813961426864652 0.45282898105478747 0.0949394094555385 0.43442780337941633 0.07253797576378221 0.42642729134664614
0 0.11947431302270013 0.4424283154121864 0.11840757808499744 0.4584293394777266 0.11627410820959208 0.47363031233998976 0.1301416623997269 0.580037122375832 0.189878818911077 0.580037122375832 0.1994794333504011 0.5712365591397849 0.18241167434715821 0.4712301587301587 0.16641065028161803 0.4592293906810036 0.16001024065540195 0.44962877624167946 0.15894350571769927 0.4368279569892473 0.1312083973374296 0.4328277009728623
0 0.2005461682881038 0.4400281618023554 0.1984126984126984 0.4576292882744496 0.18027820447175286 0.46802995391705066 0.20161290322580644 0.5832373271889401 0.28481822836661547 0.5832373271889401 0.26668373442566995 0.4656298003072197 0.24534903567161634 0.4504288274449565 0.2400153609831029 0.43442780337941633 0.2186806622290493 0.43122759856630827
0 0.2858849633043181 0.4432283666154634 0.2869516982420208 0.4576292882744496 0.26561699948796724 0.47363031233998976 0.2858849633043181 0.5832373271889401 0.36268987881891107 0.5840373783922171 0.353089264379587 0.4696300563236047 0.329621095750128 0.45442908346134153 0.3253541559993173 0.4368279569892473 0.30295272230756104 0.43202764976958524
0 0.3765574330090459 0.4456285202252944 0.37335722819593786 0.4616295442908346 0.3573562041303977 0.4752304147465438 0.36162314388120836 0.5856374807987712 0.42242703533026116 0.5880376344086021 0.4373613244580986 0.5864375320020482 0.439494794333504 0.4792306707629288 0.4202935654548558 0.4616295442908346 0.416026625704045 0.4424283154121864 0.39362519201228874 0.43762800819252434
0 0.4650964328383683 0.4472286226318484 0.46616316777607103 0.46482974910394265 0.44482846902201745 0.4792306707629288 0.44696193889742275 0.5872375832053252 0.522700119474313 0.5920378904249872 0.5248335893497184 0.4752304147465438 0.5120327700972862 0.4656298003072197 0.5077658303464755 0.4400281618023554 0.48323092677931384 0.4384280593958013
0 0.54936849291688 0.4472286226318484 0.54936849291688 0.46482974910394265 0.5291005291005291 0.48003072196620583 0.5280337941628264 0.5904377880184332 0.6091056494282301 0.5920378904249872 0.6133725891790408 0.4776305683563748 0.6016385048643113 0.4624295954941116 0.599505034988906 0.44642857142857145 0.5728366615463389 0.4416282642089094
0 0.6443079023724185 0.44962877624167946 0.6400409626216078 0.4704301075268817 0.6187062638675542 0.48083077316948286 0.6123058542413381 0.5928379416282642 0.6944444444444444 0.5952380952380952 0.7051117938214713 0.4864311315924219 0.6901775046936337 0.4704301075268817 0.6901775046936337 0.4472286226318484 0.6667093360641748 0.4416282642089094
0 0.7381805768902544 0.4576292882744496 0.7317801672640383 0.4776305683563748 0.7051117938214713 0.496831797235023 0.6987113841952552 0.5952380952380952 0.7456477214541731 0.6008384536610343 0.782983444273767 0.5976382488479263 0.795784263526199 0.5104326676907321 0.782983444273767 0.4816308243727599 0.7851169141491722 0.4536290322580645 0.7680491551459293 0.44802867383512546 0.7445809865164703 0.4488287250384025
0 0.8277863116572793 0.45602918586789554 0.822452636968766 0.47203020993343575 0.8011179382147123 0.4880312339989759 0.792584058713091 0.5056323604710702 0.7872503840245775 0.5976382488479263 0.828853046594982 0.6032386072708654 0.8661887694145759 0.5976382488479263 0.8885902031063321 0.49763184843830005 0.8736559139784946 0.47203020993343575 0.8747226489161972 0.45442908346134153 0.8469875405359277 0.44802867383512546
0 0.06080389144905274 0.6664426523297491 0.08000512032770098 0.7624487967229903 0.09280593958013313 0.7632488479262673 0.13867554190134837 0.7544482846902202 0.1205410479604028 0.6856438812083974 0.1301416623997269 0.6624423963133641 0.1312083973374296 0.651241679467486 0.06933777095067419 0.6472414234511008 0.0682710360129715 0.656041986687148
0 0.13334186721283497 0.6504416282642089 0.13440860215053763 0.659242191500256 0.1258747226489162 0.6840437788018433 0.13760880696364566 0.7552483358934972 0.20694657791431983 0.7536482334869431 0.193079023724185 0.6856438812083974 0.1984126984126984 0.6616423451100871 0.1952124935995904 0.651241679467486 0.15147636115378052 0.6472414234511008
0 0.2005461682881038 0.6544418842805939 0.2186806622290493 0.7584485407066052 0.2944188428059396 0.7576484895033283 0.2837514934289128 0.6600422427035331 0.28801843317972353 0.6480414746543779 0.23788189110769756 0.6424411162314388 0.21441372247823862 0.6432411674347158
0 0.2944188428059396 0.6488415258576549 0.3093531319337771 0.7608486943164363 0.3925584570745861 0.7624487967229903 0.38402457757296465 0.6504416282642089
0 0.39469192694999145 0.6536418330773169 0.3968253968253968 0.7632488479262673 0.4810974569039085 0.7640488991295442 0.4757637822153951 0.65284178187404 0.41709336064174773 0.651241679467486
0 0.5002986857825568 0.6568420378904251 0.4970984809694487 0.6688428059395802 0.49389827615634063 0.7624487967229903 0.5536354326676908 0.7624487967229903 0.5600358422939068 0.6768433179723502 0.5621693121693122 0.6576420890937019 0.5611025772316095 0.6520417306707629 0.5291005291005291 0.6504416282642089
0 0.5675029868578256 0.6568420378904251 0.5611025772316095 0.6784434203789043 0.5600358422939068 0.7456477214541731 0.6197729988052569 0.7472478238607271 0.626173408431473 0.6680427547363031 0.6240399385560675 0.65284178187404 0.5973715651135006 0.651241679467486
0 0.6389742276839051 0.658442140296979 0.6336405529953918 0.6720430107526881 0.6197729988052569 0.7536482334869431 0.6283068783068783 0.7704493087557603 0.6923109745690391 0.7720494111623144 0.7040450588837686 0.6936443932411674 0.706178528759174 0.6688428059395802 0.7072452636968766 0.66084229390681 0.659242191500256 0.6576420890937019
0 0.7509813961426864 0.6664426523297491 0.7243130227001195 0.6744431643625193 0.7147124082607954 0.6920442908346135 0.7147124082607954 0.7632488479262673 0.7435142515787677 0.7768497183819765 0.7840501792114696 0.7688492063492064 0.7904505888376857 0.7264464925755248 0.8053848779655232 0.7008448540706606 0.7968509984639016 0.6840437788018433 0.792584058713091 0.6672427035330262 0.775516299709848 0.6600422427035331 0.7563150708311999 0.658442140296979
0 0.8309865164703875 0.664042498719918 0.8117852875917393 0.6728430619559652 0.8021846731524152 0.6824436763952892 0.8053848779655232 0.7000448028673835 0.7947175285884963 0.7184459805427548 0.7872503840245775 0.7672491039426523 0.8117852875917393 0.7792498719918075 0.8512544802867383 0.7800499231950845 0.8651220344768732 0.7736495135688685 0.8683222392899813 0.73844726062468 0.8768561187916026 0.7136456733230927 0.8864567332309268 0.6944444444444444 0.8725891790407919 0.6808435739887353 0.8747226489161972 0.6656426011264721 0.852321215224441 0.6600422427035331
0 0.8075183478409285 0.8336533538146442 0.7819167093360642 0.8440540194572453 0.7648489503328213 0.9000576036866359 0.7701826250213347 0.9144585253456221 0.7509813961426864 0.9408602150537634 0.759515275644308 0.9648617511520737 0.7808499743983616 0.9744623655913979 0.819252432155658 0.9736623143881209 0.8352534562211982 0.9624615975422427 0.8405871309097116 0.9280593958013313 0.8352534562211982 0.9136584741423451 0.8501877453490356 0.8896569380440348 0.8587216248506572 0.8600550435227855 0.8469875405359277 0.8504544290834614 0.8459208055982249 0.8368535586277521 0.8267195767195767 0.8320532514080902
0 0.9003242874210616 0.8376536098310292 0.8757893838539 0.8448540706605223 0.8672555043522785 0.8640552995391705 0.8544546850998465 0.8872567844342039 0.8587216248506572 0.9104582693292371 0.8405871309097116 0.9224590373783923 0.8405871309097116 0.9440604198668715 0.8405871309097116 0.9648617511520737 0.8597883597883598 0.975262416794675 0.8960573476702508 0.9776625704045059 0.9141918416111965 0.9656618023553507 0.9333930704898447 0.9320596518177163 0.9365932753029528 0.9080581157194061 0.9461938897422769 0.8832565284178188 0.9568612391193037 0.8600550435227855 0.9429936849291688 0.8456541218637993 0.938726745178358 0.8328533026113671 0.9195255162997098 0.8320532514080902
0 0.5387011435398532 0.819252432155658 0.5173664447857996 0.8304531490015361 0.5130995050349889 0.8464541730670763 0.5141662399726915 0.90165770609319 0.5173664447857996 0.9216589861751152 0.5098993002218809 0.9384600614439325 0.5237668544120158 0.9520609318996416 0.5419013483529612 0.9600614439324117 0.5621693121693122 0.9528609831029186 0.5771036012971497 0.9448604710701485 0.5856374807987711 0.9256592421915003 0.5813705410479604 0.9096582181259601 0.5877709506741765 0.8856566820276498 0.5909711554872845 0.8544546850998463 0.5888376856118792 0.8368535586277521 0.5792370711725551 0.825652841781874 0.5749701314217444 0.8184523809523809 0.5568356374807988 0.81605222734255
0 0.4501621437105308 0.8168522785458269 0.42882744495647723 0.829653097798259 0.4245605052056665 0.8464541730670763 0.42882744495647723 0.8672555043522786 0.4298941798941799 0.8864567332309268 0.43309438470728795 0.9048579109062981 0.43202764976958524 0.9408602150537634 0.4490954087728281 0.9576612903225807 0.4810974569039085 0.9584613415258576 0.4981652159071514 0.9520609318996416 0.5077658303464755 0.9400601638504865 0.5130995050349889 0.8904569892473119 0.5066990954087728 0.8728558627752177 0.5034988905956648 0.8600550435227855 0.5088325652841782 0.8440540194572453 0.49496501109404334 0.825652841781874 0.4800307219662058 0.8168522785458269 0.4608294930875576 0.814452124935996
0 0.3680235535074245 0.81605222734255 0.353089264379587 0.825652841781874 0.3456221198156682 0.8384536610343062 0.3456221198156682 0.8616551459293394 0.3509557945041816 0.8704557091653865 0.3488223246287762 0.8888568868407578 0.35522273425499235 0.90165770609319 0.36268987881891107 0.9192588325652842 0.36162314388120836 0.9376600102406554 0.3637566137566138 0.9472606246799795 0.379757637822154 0.9520609318996416 0.41389315582863967 0.9536610343061955 0.43416111964499066 0.9464605734767024 0.439494794333504 0.9248591909882232 0.43202764976958524 0.897657450076805 0.4266939750810718 0.8752560163850487 0.4245605052056665 0.8560547875064004 0.4298941798941799 0.8408538146441372 0.42136030039255845 0.8272529441884281 0.4149598907663424 0.81605222734255 0.4021590715139103 0.8128520225294419 0.37762416794674863 0.810451868919611
0 0.2858849633043181 0.8136520737327189 0.2752176139272913 0.8280529953917051 0.26455026455026454 0.8392537122375833 0.26668373442566995 0.8560547875064004 0.273084144051886 0.8688556067588327 0.2741508789895887 0.8872567844342039 0.2816180235535074 0.9232590885816692 0.28801843317972353 0.9488607270865336 0.3306878306878307 0.9512608806963646 0.356289469192695 0.9416602662570405 0.3680235535074245 0.9216589861751152 0.3584229390681004 0.8968573988735279 0.3488223246287762 0.8728558627752177 0.3498890595664789 0.8544546850998463 0.353089264379587 0.8392537122375833 0.3456221198156682 0.825652841781874 0.33282130056323606 0.8152521761392729 0.3146868066222905 0.8080517153097798
1 0.12160778289810548 0.810451868919611 0.1152073732718894 0.825652841781874 0.1045400238948626 0.8416538658474142 0.10880696364567333 0.8632552483358935 0.13867554190134837 0.9376600102406554 0.16001024065540195 0.9456605222734256 0.18881208397337432 0.9440604198668715 0.1994794333504011 0.9344598054275475 0.1984126984126984 0.8816564260112647 0.19734596347499572 0.8688556067588327 0.18241167434715821 0.8392537122375833 0.1781447345963475 0.821652585765489 0.1621437105308073 0.814452124935996 0.15574330090459124 0.8048515104966717 0.13440860215053763 0.8032514080901177
1 0.20694657791431983 0.8168522785458269 0.19094555384877965 0.8280529953917051 0.18667861409796893 0.8448540706605223 0.189878818911077 0.8616551459293394 0.19734596347499572 0.8800563236047108 0.20587984297661718 0.9320596518177163 0.2240143369175627 0.9448604710701485 0.24961597542242706 0.9472606246799795 0.26455026455026454 0.9400601638504865 0.2784178187403994 0.9232590885816692 0.2784178187403994 0.8936571940604199 0.26881720430107525 0.8720558115719406 0.2677504693633726 0.8552547363031234 0.26988393923877796 0.8384536610343062 0.2613500597371565 0.82405273937532 0.24961597542242706 0.81605222734255 0.23681515616999488 0.8096518177163339 0.23148148148148148 0.8064516129032258 0.2186806622290493 0.8088517665130569
